0.03999999911  0.009999999776  0  0  0  0
0.03999999911  0.008999999613  0  0  0  0
0.03999999911  0.007999999449  0  0  0  0
0.03999999911  0.006999999285  0  0  0  0
0.03999999911  0.005999999121  0  0  0  0
0.03999999911  0.004999998957  0  0  0  0
0.03999999911  0.003999998793  0  0  0  0
0.03999999911  0.002999998862  0  0  0  0
0.03999999911  0.001999998931  0  0  0  0
0.03999999911  0.0009999988833  0  0  0  0
0.03999999911  -1.116655768e-09  0  0  0  0
0.03999999911  -0.001000001095  0  0  0  0
0.03999999911  -0.002000001026  0  0  0  0
0.03999999911  -0.003000000957  0  0  0  0
0.03999999911  -0.004000001121  0  0  0  0
0.03999999911  -0.005000001285  0  0  0  0
0.03999999911  -0.006000001449  0  0  0  0
0.03999999911  -0.007000001613  0  0  0  0
0.03999999911  -0.008000001311  0  0  0  0
0.03999999911  -0.009000001475  0  0  0  0
0.0390000008  0.009999999776  0  0  0  0
0.0390000008  0.008999999613  0  0  0  0
0.0390000008  0.007999999449  0  0  0  0
0.0390000008  0.006999999285  0  0  0  0
0.0390000008  0.005999999121  0  0  0  0
0.0390000008  0.004999998957  0  0  0  0
0.0390000008  0.003999998793  0  0  0  0
0.0390000008  0.002999998862  0  0  0  0
0.0390000008  0.001999998931  0  0  0  0
0.0390000008  0.0009999988833  0  0  0  0
0.0390000008  -1.116655768e-09  0  0  0  0
0.0390000008  -0.001000001095  0  0  0  0
0.0390000008  -0.002000001026  0  0  0  0
0.0390000008  -0.003000000957  0  0  0  0
0.0390000008  -0.004000001121  0  0  0  0
0.0390000008  -0.005000001285  0  0  0  0
0.0390000008  -0.006000001449  0  0  0  0
0.0390000008  -0.007000001613  0  0  0  0
0.0390000008  -0.008000001311  0  0  0  0
0.0390000008  -0.009000001475  0  0  0  0
0.0380000025  0.009999999776  0  0  0  0
0.0380000025  0.008999999613  0  0  0  0
0.0380000025  0.007999999449  0  0  0  0
0.0380000025  0.006999999285  0  0  0  0
0.0380000025  0.005999999121  0  0  0  0
0.0380000025  0.004999998957  0  0  0  0
0.0380000025  0.003999998793  0  0  0  0
0.0380000025  0.002999998862  0  0  0  0
0.0380000025  0.001999998931  0  0  0  0
0.0380000025  0.0009999988833  0  0  0  0
0.0380000025  -1.116655768e-09  0  0  0  0
0.0380000025  -0.001000001095  0  0  0  0
0.0380000025  -0.002000001026  0  0  0  0
0.0380000025  -0.003000000957  0  0  0  0
0.0380000025  -0.004000001121  0  0  0  0
0.0380000025  -0.005000001285  0  0  0  0
0.0380000025  -0.006000001449  0  0  0  0
0.0380000025  -0.007000001613  0  0  0  0
0.0380000025  -0.008000001311  0  0  0  0
0.0380000025  -0.009000001475  0  0  0  0
0.0370000042  0.009999999776  0  0  0  0
0.0370000042  0.008999999613  0  0  0  0
0.0370000042  0.007999999449  0  0  0  0
0.0370000042  0.006999999285  0  0  0  0
0.0370000042  0.005999999121  0  0  0  0
0.0370000042  0.004999998957  0  0  0  0
0.0370000042  0.003999998793  0  0  0  0
0.0370000042  0.002999998862  0  0  0  0
0.0370000042  0.001999998931  0  0  0  0
0.0370000042  0.0009999988833  0  0  0  0
0.0370000042  -1.116655768e-09  0  0  0  0
0.0370000042  -0.001000001095  0  0  0  0
0.0370000042  -0.002000001026  0  0  0  0
0.0370000042  -0.003000000957  0  0  0  0
0.0370000042  -0.004000001121  0  0  0  0
0.0370000042  -0.005000001285  0  0  0  0
0.0370000042  -0.006000001449  0  0  0  0
0.0370000042  -0.007000001613  0  0  0  0
0.0370000042  -0.008000001311  0  0  0  0
0.0370000042  -0.009000001475  0  0  0  0
0.0360000059  0.009999999776  0  0  0  0
0.0360000059  0.008999999613  0  0  0  0
0.0360000059  0.007999999449  0  0  0  0
0.0360000059  0.006999999285  0  0  0  0
0.0360000059  0.005999999121  0  0  0  0
0.0360000059  0.004999998957  0  0  0  0
0.0360000059  0.003999998793  0  0  0  0
0.0360000059  0.002999998862  0  0  0  0
0.0360000059  0.001999998931  0  0  0  0
0.0360000059  0.0009999988833  0  0  0  0
0.0360000059  -1.116655768e-09  0  0  0  0
0.0360000059  -0.001000001095  0  0  0  0
0.0360000059  -0.002000001026  0  0  0  0
0.0360000059  -0.003000000957  0  0  0  0
0.0360000059  -0.004000001121  0  0  0  0
0.0360000059  -0.005000001285  0  0  0  0
0.0360000059  -0.006000001449  0  0  0  0
0.0360000059  -0.007000001613  0  0  0  0
0.0360000059  -0.008000001311  0  0  0  0
0.0360000059  -0.009000001475  0  0  0  0
0.0350000076  0.009999999776  0  0  0  0
0.0350000076  0.008999999613  0  0  0  0
0.0350000076  0.007999999449  0  0  0  0
0.0350000076  0.006999999285  0  0  0  0
0.0350000076  0.005999999121  0  0  0  0
0.0350000076  0.004999998957  0  0  0  0
0.0350000076  0.003999998793  0  0  0  0
0.0350000076  0.002999998862  0  0  0  0
0.0350000076  0.001999998931  0  0  0  0
0.0350000076  0.0009999988833  0  0  0  0
0.0350000076  -1.116655768e-09  0  0  0  0
0.0350000076  -0.001000001095  0  0  0  0
0.0350000076  -0.002000001026  0  0  0  0
0.0350000076  -0.003000000957  0  0  0  0
0.0350000076  -0.004000001121  0  0  0  0
0.0350000076  -0.005000001285  0  0  0  0
0.0350000076  -0.006000001449  0  0  0  0
0.0350000076  -0.007000001613  0  0  0  0
0.0350000076  -0.008000001311  0  0  0  0
0.0350000076  -0.009000001475  0  0  0  0
0.0340000093  0.009999999776  0  0  0  0
0.0340000093  0.008999999613  0  0  0  0
0.0340000093  0.007999999449  0  0  0  0
0.0340000093  0.006999999285  0  0  0  0
0.0340000093  0.005999999121  0  0  0  0
0.0340000093  0.004999998957  0  0  0  0
0.0340000093  0.003999998793  0  0  0  0
0.0340000093  0.002999998862  0  0  0  0
0.0340000093  0.001999998931  0  0  0  0
0.0340000093  0.0009999988833  0  0  0  0
0.0340000093  -1.116655768e-09  0  0  0  0
0.0340000093  -0.001000001095  0  0  0  0
0.0340000093  -0.002000001026  0  0  0  0
0.0340000093  -0.003000000957  0  0  0  0
0.0340000093  -0.004000001121  0  0  0  0
0.0340000093  -0.005000001285  0  0  0  0
0.0340000093  -0.006000001449  0  0  0  0
0.0340000093  -0.007000001613  0  0  0  0
0.0340000093  -0.008000001311  0  0  0  0
0.0340000093  -0.009000001475  0  0  0  0
0.033000011  0.009999999776  0  0  0  0
0.033000011  0.008999999613  0  0  0  0
0.033000011  0.007999999449  0  0  0  0
0.033000011  0.006999999285  0  0  0  0
0.033000011  0.005999999121  0  0  0  0
0.033000011  0.004999998957  0  0  0  0
0.033000011  0.003999998793  0  0  0  0
0.033000011  0.002999998862  0  0  0  0
0.033000011  0.001999998931  0  0  0  0
0.033000011  0.0009999988833  0  0  0  0
0.033000011  -1.116655768e-09  0  0  0  0
0.033000011  -0.001000001095  0  0  0  0
0.033000011  -0.002000001026  0  0  0  0
0.033000011  -0.003000000957  0  0  0  0
0.033000011  -0.004000001121  0  0  0  0
0.033000011  -0.005000001285  0  0  0  0
0.033000011  -0.006000001449  0  0  0  0
0.033000011  -0.007000001613  0  0  0  0
0.033000011  -0.008000001311  0  0  0  0
0.033000011  -0.009000001475  0  0  0  0
0.0320000127  0.009999999776  0  0  0  0
0.0320000127  0.008999999613  0  0  0  0
0.0320000127  0.007999999449  0  0  0  0
0.0320000127  0.006999999285  0  0  0  0
0.0320000127  0.005999999121  0  0  0  0
0.0320000127  0.004999998957  0  0  0  0
0.0320000127  0.003999998793  0  0  0  0
0.0320000127  0.002999998862  0  0  0  0
0.0320000127  0.001999998931  0  0  0  0
0.0320000127  0.0009999988833  0  0  0  0
0.0320000127  -1.116655768e-09  0  0  0  0
0.0320000127  -0.001000001095  0  0  0  0
0.0320000127  -0.002000001026  0  0  0  0
0.0320000127  -0.003000000957  0  0  0  0
0.0320000127  -0.004000001121  0  0  0  0
0.0320000127  -0.005000001285  0  0  0  0
0.0320000127  -0.006000001449  0  0  0  0
0.0320000127  -0.007000001613  0  0  0  0
0.0320000127  -0.008000001311  0  0  0  0
0.0320000127  -0.009000001475  0  0  0  0
0.03100001253  0.009999999776  0  0  0  0
0.03100001253  0.008999999613  0  0  0  0
0.03100001253  0.007999999449  0  0  0  0
0.03100001253  0.006999999285  0  0  0  0
0.03100001253  0.005999999121  0  0  0  0
0.03100001253  0.004999998957  0  0  0  0
0.03100001253  0.003999998793  0  0  0  0
0.03100001253  0.002999998862  0  0  0  0
0.03100001253  0.001999998931  0  0  0  0
0.03100001253  0.0009999988833  0  0  0  0
0.03100001253  -1.116655768e-09  0  0  0  0
0.03100001253  -0.001000001095  0  0  0  0
0.03100001253  -0.002000001026  0  0  0  0
0.03100001253  -0.003000000957  0  0  0  0
0.03100001253  -0.004000001121  0  0  0  0
0.03100001253  -0.005000001285  0  0  0  0
0.03100001253  -0.006000001449  0  0  0  0
0.03100001253  -0.007000001613  0  0  0  0
0.03100001253  -0.008000001311  0  0  0  0
0.03100001253  -0.009000001475  0  0  0  0
0.03000001237  0.009999999776  0  0  0  0
0.03000001237  0.008999999613  0  0  0  0
0.03000001237  0.007999999449  0  0  0  0
0.03000001237  0.006999999285  0  0  0  0
0.03000001237  0.005999999121  0  0  0  0
0.03000001237  0.004999998957  0  0  0  0
0.03000001237  0.003999998793  0  0  0  0
0.03000001237  0.002999998862  0  0  0  0
0.03000001237  0.001999998931  0  0  0  0
0.03000001237  0.0009999988833  0  0  0  0
0.03000001237  -1.116655768e-09  0  0  0  0
0.03000001237  -0.001000001095  0  0  0  0
0.03000001237  -0.002000001026  0  0  0  0
0.03000001237  -0.003000000957  0  0  0  0
0.03000001237  -0.004000001121  0  0  0  0
0.03000001237  -0.005000001285  0  0  0  0
0.03000001237  -0.006000001449  0  0  0  0
0.03000001237  -0.007000001613  0  0  0  0
0.03000001237  -0.008000001311  0  0  0  0
0.03000001237  -0.009000001475  0  0  0  0
0.0290000122  0.009999999776  0  0  0  0
0.0290000122  0.008999999613  0  0  0  0
0.0290000122  0.007999999449  0  0  0  0
0.0290000122  0.006999999285  0  0  0  0
0.0290000122  0.005999999121  0  0  0  0
0.0290000122  0.004999998957  0  0  0  0
0.0290000122  0.003999998793  0  0  0  0
0.0290000122  0.002999998862  0  0  0  0
0.0290000122  0.001999998931  0  0  0  0
0.0290000122  0.0009999988833  0  0  0  0
0.0290000122  -1.116655768e-09  0  0  0  0
0.0290000122  -0.001000001095  0  0  0  0
0.0290000122  -0.002000001026  0  0  0  0
0.0290000122  -0.003000000957  0  0  0  0
0.0290000122  -0.004000001121  0  0  0  0
0.0290000122  -0.005000001285  0  0  0  0
0.0290000122  -0.006000001449  0  0  0  0
0.0290000122  -0.007000001613  0  0  0  0
0.0290000122  -0.008000001311  0  0  0  0
0.0290000122  -0.009000001475  0  0  0  0
0.02800001204  0.009999999776  0  0  0  0
0.02800001204  0.008999999613  0  0  0  0
0.02800001204  0.007999999449  0  0  0  0
0.02800001204  0.006999999285  0  0  0  0
0.02800001204  0.005999999121  0  0  0  0
0.02800001204  0.004999998957  0  0  0  0
0.02800001204  0.003999998793  0  0  0  0
0.02800001204  0.002999998862  0  0  0  0
0.02800001204  0.001999998931  0  0  0  0
0.02800001204  0.0009999988833  0  0  0  0
0.02800001204  -1.116655768e-09  0  0  0  0
0.02800001204  -0.001000001095  0  0  0  0
0.02800001204  -0.002000001026  0  0  0  0
0.02800001204  -0.003000000957  0  0  0  0
0.02800001204  -0.004000001121  0  0  0  0
0.02800001204  -0.005000001285  0  0  0  0
0.02800001204  -0.006000001449  0  0  0  0
0.02800001204  -0.007000001613  0  0  0  0
0.02800001204  -0.008000001311  0  0  0  0
0.02800001204  -0.009000001475  0  0  0  0
0.02700001188  0.009999999776  0  0  0  0
0.02700001188  0.008999999613  0  0  0  0
0.02700001188  0.007999999449  0  0  0  0
0.02700001188  0.006999999285  0  0  0  0
0.02700001188  0.005999999121  0  0  0  0
0.02700001188  0.004999998957  0  0  0  0
0.02700001188  0.003999998793  0  0  0  0
0.02700001188  0.002999998862  0  0  0  0
0.02700001188  0.001999998931  0  0  0  0
0.02700001188  0.0009999988833  0  0  0  0
0.02700001188  -1.116655768e-09  0  0  0  0
0.02700001188  -0.001000001095  0  0  0  0
0.02700001188  -0.002000001026  0  0  0  0
0.02700001188  -0.003000000957  0  0  0  0
0.02700001188  -0.004000001121  0  0  0  0
0.02700001188  -0.005000001285  0  0  0  0
0.02700001188  -0.006000001449  0  0  0  0
0.02700001188  -0.007000001613  0  0  0  0
0.02700001188  -0.008000001311  0  0  0  0
0.02700001188  -0.009000001475  0  0  0  0
0.02600001171  0.009999999776  0  0  0  0
0.02600001171  0.008999999613  0  0  0  0
0.02600001171  0.007999999449  0  0  0  0
0.02600001171  0.006999999285  0  0  0  0
0.02600001171  0.005999999121  0  0  0  0
0.02600001171  0.004999998957  0  0  0  0
0.02600001171  0.003999998793  0  0  0  0
0.02600001171  0.002999998862  0  0  0  0
0.02600001171  0.001999998931  0  0  0  0
0.02600001171  0.0009999988833  0  0  0  0
0.02600001171  -1.116655768e-09  0  0  0  0
0.02600001171  -0.001000001095  0  0  0  0
0.02600001171  -0.002000001026  0  0  0  0
0.02600001171  -0.003000000957  0  0  0  0
0.02600001171  -0.004000001121  0  0  0  0
0.02600001171  -0.005000001285  0  0  0  0
0.02600001171  -0.006000001449  0  0  0  0
0.02600001171  -0.007000001613  0  0  0  0
0.02600001171  -0.008000001311  0  0  0  0
0.02600001171  -0.009000001475  0  0  0  0
0.02500001155  0.009999999776  0  0  0  0
0.02500001155  0.008999999613  0  0  0  0
0.02500001155  0.007999999449  0  0  0  0
0.02500001155  0.006999999285  0  0  0  0
0.02500001155  0.005999999121  0  0  0  0
0.02500001155  0.004999998957  0  0  0  0
0.02500001155  0.003999998793  0  0  0  0
0.02500001155  0.002999998862  0  0  0  0
0.02500001155  0.001999998931  0  0  0  0
0.02500001155  0.0009999988833  0  0  0  0
0.02500001155  -1.116655768e-09  0  0  0  0
0.02500001155  -0.001000001095  0  0  0  0
0.02500001155  -0.002000001026  0  0  0  0
0.02500001155  -0.003000000957  0  0  0  0
0.02500001155  -0.004000001121  0  0  0  0
0.02500001155  -0.005000001285  0  0  0  0
0.02500001155  -0.006000001449  0  0  0  0
0.02500001155  -0.007000001613  0  0  0  0
0.02500001155  -0.008000001311  0  0  0  0
0.02500001155  -0.009000001475  0  0  0  0
0.02400001138  0.009999999776  0  0  0  0
0.02400001138  0.008999999613  0  0  0  0
0.02400001138  0.007999999449  0  0  0  0
0.02400001138  0.006999999285  0  0  0  0
0.02400001138  0.005999999121  0  0  0  0
0.02400001138  0.004999998957  0  0  0  0
0.02400001138  0.003999998793  0  0  0  0
0.02400001138  0.002999998862  0  0  0  0
0.02400001138  0.001999998931  0  0  0  0
0.02400001138  0.0009999988833  0  0  0  0
0.02400001138  -1.116655768e-09  0  0  0  0
0.02400001138  -0.001000001095  0  0  0  0
0.02400001138  -0.002000001026  0  0  0  0
0.02400001138  -0.003000000957  0  0  0  0
0.02400001138  -0.004000001121  0  0  0  0
0.02400001138  -0.005000001285  0  0  0  0
0.02400001138  -0.006000001449  0  0  0  0
0.02400001138  -0.007000001613  0  0  0  0
0.02400001138  -0.008000001311  0  0  0  0
0.02400001138  -0.009000001475  0  0  0  0
0.02300001122  0.009999999776  0  0  0  0
0.02300001122  0.008999999613  0  0  0  0
0.02300001122  0.007999999449  0  0  0  0
0.02300001122  0.006999999285  0  0  0  0
0.02300001122  0.005999999121  0  0  0  0
0.02300001122  0.004999998957  0  0  0  0
0.02300001122  0.003999998793  0  0  0  0
0.02300001122  0.002999998862  0  0  0  0
0.02300001122  0.001999998931  0  0  0  0
0.02300001122  0.0009999988833  0  0  0  0
0.02300001122  -1.116655768e-09  0  0  0  0
0.02300001122  -0.001000001095  0  0  0  0
0.02300001122  -0.002000001026  0  0  0  0
0.02300001122  -0.003000000957  0  0  0  0
0.02300001122  -0.004000001121  0  0  0  0
0.02300001122  -0.005000001285  0  0  0  0
0.02300001122  -0.006000001449  0  0  0  0
0.02300001122  -0.007000001613  0  0  0  0
0.02300001122  -0.008000001311  0  0  0  0
0.02300001122  -0.009000001475  0  0  0  0
0.02200001106  0.009999999776  0  0  0  0
0.02200001106  0.008999999613  0  0  0  0
0.02200001106  0.007999999449  0  0  0  0
0.02200001106  0.006999999285  0  0  0  0
0.02200001106  0.005999999121  0  0  0  0
0.02200001106  0.004999998957  0  0  0  0
0.02200001106  0.003999998793  0  0  0  0
0.02200001106  0.002999998862  0  0  0  0
0.02200001106  0.001999998931  0  0  0  0
0.02200001106  0.0009999988833  0  0  0  0
0.02200001106  -1.116655768e-09  0  0  0  0
0.02200001106  -0.001000001095  0  0  0  0
0.02200001106  -0.002000001026  0  0  0  0
0.02200001106  -0.003000000957  0  0  0  0
0.02200001106  -0.004000001121  0  0  0  0
0.02200001106  -0.005000001285  0  0  0  0
0.02200001106  -0.006000001449  0  0  0  0
0.02200001106  -0.007000001613  0  0  0  0
0.02200001106  -0.008000001311  0  0  0  0
0.02200001106  -0.009000001475  0  0  0  0
0.02100001089  0.009999999776  0  0  0  0
0.02100001089  0.008999999613  0  0  0  0
0.02100001089  0.007999999449  0  0  0  0
0.02100001089  0.006999999285  0  0  0  0
0.02100001089  0.005999999121  0  0  0  0
0.02100001089  0.004999998957  0  0  0  0
0.02100001089  0.003999998793  0  0  0  0
0.02100001089  0.002999998862  0  0  0  0
0.02100001089  0.001999998931  0  0  0  0
0.02100001089  0.0009999988833  0  0  0  0
0.02100001089  -1.116655768e-09  0  0  0  0
0.02100001089  -0.001000001095  0  0  0  0
0.02100001089  -0.002000001026  0  0  0  0
0.02100001089  -0.003000000957  0  0  0  0
0.02100001089  -0.004000001121  0  0  0  0
0.02100001089  -0.005000001285  0  0  0  0
0.02100001089  -0.006000001449  0  0  0  0
0.02100001089  -0.007000001613  0  0  0  0
0.02100001089  -0.008000001311  0  0  0  0
0.02100001089  -0.009000001475  0  0  0  0
0.02000001073  0.009999999776  0  0  0  0
0.02000001073  0.008999999613  0  0  0  0
0.02000001073  0.007999999449  0  0  0  0
0.02000001073  0.006999999285  0  0  0  0
0.02000001073  0.005999999121  0  0  0  0
0.02000001073  0.004999998957  0  0  0  0
0.02000001073  0.003999998793  0  0  0  0
0.02000001073  0.002999998862  0  0  0  0
0.02000001073  0.001999998931  0  0  0  0
0.02000001073  0.0009999988833  0  0  0  0
0.02000001073  -1.116655768e-09  0  0  0  0
0.02000001073  -0.001000001095  0  0  0  0
0.02000001073  -0.002000001026  0  0  0  0
0.02000001073  -0.003000000957  0  0  0  0
0.02000001073  -0.004000001121  0  0  0  0
0.02000001073  -0.005000001285  0  0  0  0
0.02000001073  -0.006000001449  0  0  0  0
0.02000001073  -0.007000001613  0  0  0  0
0.02000001073  -0.008000001311  0  0  0  0
0.02000001073  -0.009000001475  0  0  0  0
0.01900001056  0.009999999776  0  0  0  0
0.01900001056  0.008999999613  0  0  0  0
0.01900001056  0.007999999449  0  0  0  0
0.01900001056  0.006999999285  0  0  0  0
0.01900001056  0.005999999121  0  0  0  0
0.01900001056  0.004999998957  0  0  0  0
0.01900001056  0.003999998793  0  0  0  0
0.01900001056  0.002999998862  0  0  0  0
0.01900001056  0.001999998931  0  0  0  0
0.01900001056  0.0009999988833  0  0  0  0
0.01900001056  -1.116655768e-09  0  0  0  0
0.01900001056  -0.001000001095  0  0  0  0
0.01900001056  -0.002000001026  0  0  0  0
0.01900001056  -0.003000000957  0  0  0  0
0.01900001056  -0.004000001121  0  0  0  0
0.01900001056  -0.005000001285  0  0  0  0
0.01900001056  -0.006000001449  0  0  0  0
0.01900001056  -0.007000001613  0  0  0  0
0.01900001056  -0.008000001311  0  0  0  0
0.01900001056  -0.009000001475  0  0  0  0
0.0180000104  0.009999999776  0  0  0  0
0.0180000104  0.008999999613  0  0  0  0
0.0180000104  0.007999999449  0  0  0  0
0.0180000104  0.006999999285  0  0  0  0
0.0180000104  0.005999999121  0  0  0  0
0.0180000104  0.004999998957  0  0  0  0
0.0180000104  0.003999998793  0  0  0  0
0.0180000104  0.002999998862  0  0  0  0
0.0180000104  0.001999998931  0  0  0  0
0.0180000104  0.0009999988833  0  0  0  0
0.0180000104  -1.116655768e-09  0  0  0  0
0.0180000104  -0.001000001095  0  0  0  0
0.0180000104  -0.002000001026  0  0  0  0
0.0180000104  -0.003000000957  0  0  0  0
0.0180000104  -0.004000001121  0  0  0  0
0.0180000104  -0.005000001285  0  0  0  0
0.0180000104  -0.006000001449  0  0  0  0
0.0180000104  -0.007000001613  0  0  0  0
0.0180000104  -0.008000001311  0  0  0  0
0.0180000104  -0.009000001475  0  0  0  0
0.01700001024  0.009999999776  0  0  0  0
0.01700001024  0.008999999613  0  0  0  0
0.01700001024  0.007999999449  0  0  0  0
0.01700001024  0.006999999285  0  0  0  0
0.01700001024  0.005999999121  0  0  0  0
0.01700001024  0.004999998957  0  0  0  0
0.01700001024  0.003999998793  0  0  0  0
0.01700001024  0.002999998862  0  0  0  0
0.01700001024  0.001999998931  0  0  0  0
0.01700001024  0.0009999988833  0  0  0  0
0.01700001024  -1.116655768e-09  0  0  0  0
0.01700001024  -0.001000001095  0  0  0  0
0.01700001024  -0.002000001026  0  0  0  0
0.01700001024  -0.003000000957  0  0  0  0
0.01700001024  -0.004000001121  0  0  0  0
0.01700001024  -0.005000001285  0  0  0  0
0.01700001024  -0.006000001449  0  0  0  0
0.01700001024  -0.007000001613  0  0  0  0
0.01700001024  -0.008000001311  0  0  0  0
0.01700001024  -0.009000001475  0  0  0  0
0.01600001007  0.009999999776  0  0  0  0
0.01600001007  0.008999999613  0  0  0  0
0.01600001007  0.007999999449  0  0  0  0
0.01600001007  0.006999999285  0  0  0  0
0.01600001007  0.005999999121  0  0  0  0
0.01600001007  0.004999998957  0  0  0  0
0.01600001007  0.003999998793  0  0  0  0
0.01600001007  0.002999998862  0  0  0  0
0.01600001007  0.001999998931  0  0  0  0
0.01600001007  0.0009999988833  0  0  0  0
0.01600001007  -1.116655768e-09  0  0  0  0
0.01600001007  -0.001000001095  0  0  0  0
0.01600001007  -0.002000001026  0  0  0  0
0.01600001007  -0.003000000957  0  0  0  0
0.01600001007  -0.004000001121  0  0  0  0
0.01600001007  -0.005000001285  0  0  0  0
0.01600001007  -0.006000001449  0  0  0  0
0.01600001007  -0.007000001613  0  0  0  0
0.01600001007  -0.008000001311  0  0  0  0
0.01600001007  -0.009000001475  0  0  0  0
0.01500000991  0.009999999776  0  0  0  0
0.01500000991  0.008999999613  0  0  0  0
0.01500000991  0.007999999449  0  0  0  0
0.01500000991  0.006999999285  0  0  0  0
0.01500000991  0.005999999121  0  0  0  0
0.01500000991  0.004999998957  0  0  0  0
0.01500000991  0.003999998793  0  0  0  0
0.01500000991  0.002999998862  0  0  0  0
0.01500000991  0.001999998931  0  0  0  0
0.01500000991  0.0009999988833  0  0  0  0
0.01500000991  -1.116655768e-09  0  0  0  0
0.01500000991  -0.001000001095  0  0  0  0
0.01500000991  -0.002000001026  0  0  0  0
0.01500000991  -0.003000000957  0  0  0  0
0.01500000991  -0.004000001121  0  0  0  0
0.01500000991  -0.005000001285  0  0  0  0
0.01500000991  -0.006000001449  0  0  0  0
0.01500000991  -0.007000001613  0  0  0  0
0.01500000991  -0.008000001311  0  0  0  0
0.01500000991  -0.009000001475  0  0  0  0
0.01400000975  0.009999999776  0  0  0  0
0.01400000975  0.008999999613  0  0  0  0
0.01400000975  0.007999999449  0  0  0  0
0.01400000975  0.006999999285  0  0  0  0
0.01400000975  0.005999999121  0  0  0  0
0.01400000975  0.004999998957  0  0  0  0
0.01400000975  0.003999998793  0  0  0  0
0.01400000975  0.002999998862  0  0  0  0
0.01400000975  0.001999998931  0  0  0  0
0.01400000975  0.0009999988833  0  0  0  0
0.01400000975  -1.116655768e-09  0  0  0  0
0.01400000975  -0.001000001095  0  0  0  0
0.01400000975  -0.002000001026  0  0  0  0
0.01400000975  -0.003000000957  0  0  0  0
0.01400000975  -0.004000001121  0  0  0  0
0.01400000975  -0.005000001285  0  0  0  0
0.01400000975  -0.006000001449  0  0  0  0
0.01400000975  -0.007000001613  0  0  0  0
0.01400000975  -0.008000001311  0  0  0  0
0.01400000975  -0.009000001475  0  0  0  0
0.01300000958  0.009999999776  0  0  0  0
0.01300000958  0.008999999613  0  0  0  0
0.01300000958  0.007999999449  0  0  0  0
0.01300000958  0.006999999285  0  0  0  0
0.01300000958  0.005999999121  0  0  0  0
0.01300000958  0.004999998957  0  0  0  0
0.01300000958  0.003999998793  0  0  0  0
0.01300000958  0.002999998862  0  0  0  0
0.01300000958  0.001999998931  0  0  0  0
0.01300000958  0.0009999988833  0  0  0  0
0.01300000958  -1.116655768e-09  0  0  0  0
0.01300000958  -0.001000001095  0  0  0  0
0.01300000958  -0.002000001026  0  0  0  0
0.01300000958  -0.003000000957  0  0  0  0
0.01300000958  -0.004000001121  0  0  0  0
0.01300000958  -0.005000001285  0  0  0  0
0.01300000958  -0.006000001449  0  0  0  0
0.01300000958  -0.007000001613  0  0  0  0
0.01300000958  -0.008000001311  0  0  0  0
0.01300000958  -0.009000001475  0  0  0  0
0.01200000942  0.009999999776  0  0  0  0
0.01200000942  0.008999999613  0  0  0  0
0.01200000942  0.007999999449  0  0  0  0
0.01200000942  0.006999999285  0  0  0  0
0.01200000942  0.005999999121  0  0  0  0
0.01200000942  0.004999998957  0  0  0  0
0.01200000942  0.003999998793  0  0  0  0
0.01200000942  0.002999998862  0  0  0  0
0.01200000942  0.001999998931  0  0  0  0
0.01200000942  0.0009999988833  0  0  0  0
0.01200000942  -1.116655768e-09  0  0  0  0
0.01200000942  -0.001000001095  0  0  0  0
0.01200000942  -0.002000001026  0  0  0  0
0.01200000942  -0.003000000957  0  0  0  0
0.01200000942  -0.004000001121  0  0  0  0
0.01200000942  -0.005000001285  0  0  0  0
0.01200000942  -0.006000001449  0  0  0  0
0.01200000942  -0.007000001613  0  0  0  0
0.01200000942  -0.008000001311  0  0  0  0
0.01200000942  -0.009000001475  0  0  0  0
0.01100000925  0.009999999776  0  0  0  0
0.01100000925  0.008999999613  0  0  0  0
0.01100000925  0.007999999449  0  0  0  0
0.01100000925  0.006999999285  0  0  0  0
0.01100000925  0.005999999121  0  0  0  0
0.01100000925  0.004999998957  0  0  0  0
0.01100000925  0.003999998793  0  0  0  0
0.01100000925  0.002999998862  0  0  0  0
0.01100000925  0.001999998931  0  0  0  0
0.01100000925  0.0009999988833  0  0  0  0
0.01100000925  -1.116655768e-09  0  0  0  0
0.01100000925  -0.001000001095  0  0  0  0
0.01100000925  -0.002000001026  0  0  0  0
0.01100000925  -0.003000000957  0  0  0  0
0.01100000925  -0.004000001121  0  0  0  0
0.01100000925  -0.005000001285  0  0  0  0
0.01100000925  -0.006000001449  0  0  0  0
0.01100000925  -0.007000001613  0  0  0  0
0.01100000925  -0.008000001311  0  0  0  0
0.01100000925  -0.009000001475  0  0  0  0
0.01000000909  0.009999999776  0  0  0  0
0.01000000909  0.008999999613  0  0  0  0
0.01000000909  0.007999999449  0  0  0  0
0.01000000909  0.006999999285  0  0  0  0
0.01000000909  0.005999999121  0  0  0  0
0.01000000909  0.004999998957  0  0  0  0
0.01000000909  0.003999998793  0  0  0  0
0.01000000909  0.002999998862  0  0  0  0
0.01000000909  0.001999998931  0  0  0  0
0.01000000909  0.0009999988833  0  0  0  0
0.01000000909  -1.116655768e-09  0  0  0  0
0.01000000909  -0.001000001095  0  0  0  0
0.01000000909  -0.002000001026  0  0  0  0
0.01000000909  -0.003000000957  0  0  0  0
0.01000000909  -0.004000001121  0  0  0  0
0.01000000909  -0.005000001285  0  0  0  0
0.01000000909  -0.006000001449  0  0  0  0
0.01000000909  -0.007000001613  0  0  0  0
0.01000000909  -0.008000001311  0  0  0  0
0.01000000909  -0.009000001475  0  0  0  0
0.009000008926  0.009999999776  0  0  0  0
0.009000008926  0.008999999613  0  0  0  0
0.009000008926  0.007999999449  0  0  0  0
0.009000008926  0.006999999285  0  0  0  0
0.009000008926  0.005999999121  0  0  0  0
0.009000008926  0.004999998957  0  0  0  0
0.009000008926  0.003999998793  0  0  0  0
0.009000008926  0.002999998862  0  0  0  0
0.009000008926  0.001999998931  0  0  0  0
0.009000008926  0.0009999988833  0  0  0  0
0.009000008926  -1.116655768e-09  0  0  0  0
0.009000008926  -0.001000001095  0  0  0  0
0.009000008926  -0.002000001026  0  0  0  0
0.009000008926  -0.003000000957  0  0  0  0
0.009000008926  -0.004000001121  0  0  0  0
0.009000008926  -0.005000001285  0  0  0  0
0.009000008926  -0.006000001449  0  0  0  0
0.009000008926  -0.007000001613  0  0  0  0
0.009000008926  -0.008000001311  0  0  0  0
0.009000008926  -0.009000001475  0  0  0  0
0.008000008762  0.009999999776  0  0  0  0
0.008000008762  0.008999999613  0  0  0  0
0.008000008762  0.007999999449  0  0  0  0
0.008000008762  0.006999999285  0  0  0  0
0.008000008762  0.005999999121  0  0  0  0
0.008000008762  0.004999998957  0  0  0  0
0.008000008762  0.003999998793  0  0  0  0
0.008000008762  0.002999998862  0  0  0  0
0.008000008762  0.001999998931  0  0  0  0
0.008000008762  0.0009999988833  0  0  0  0
0.008000008762  -1.116655768e-09  0  0  0  0
0.008000008762  -0.001000001095  0  0  0  0
0.008000008762  -0.002000001026  0  0  0  0
0.008000008762  -0.003000000957  0  0  0  0
0.008000008762  -0.004000001121  0  0  0  0
0.008000008762  -0.005000001285  0  0  0  0
0.008000008762  -0.006000001449  0  0  0  0
0.008000008762  -0.007000001613  0  0  0  0
0.008000008762  -0.008000001311  0  0  0  0
0.008000008762  -0.009000001475  0  0  0  0
0.007000008598  0.009999999776  0  0  0  0
0.007000008598  0.008999999613  0  0  0  0
0.007000008598  0.007999999449  0  0  0  0
0.007000008598  0.006999999285  0  0  0  0
0.007000008598  0.005999999121  0  0  0  0
0.007000008598  0.004999998957  0  0  0  0
0.007000008598  0.003999998793  0  0  0  0
0.007000008598  0.002999998862  0  0  0  0
0.007000008598  0.001999998931  0  0  0  0
0.007000008598  0.0009999988833  0  0  0  0
0.007000008598  -1.116655768e-09  0  0  0  0
0.007000008598  -0.001000001095  0  0  0  0
0.007000008598  -0.002000001026  0  0  0  0
0.007000008598  -0.003000000957  0  0  0  0
0.007000008598  -0.004000001121  0  0  0  0
0.007000008598  -0.005000001285  0  0  0  0
0.007000008598  -0.006000001449  0  0  0  0
0.007000008598  -0.007000001613  0  0  0  0
0.007000008598  -0.008000001311  0  0  0  0
0.007000008598  -0.009000001475  0  0  0  0
0.006000008434  0.009999999776  0  0  0  0
0.006000008434  0.008999999613  0  0  0  0
0.006000008434  0.007999999449  0  0  0  0
0.006000008434  0.006999999285  0  0  0  0
0.006000008434  0.005999999121  0  0  0  0
0.006000008434  0.004999998957  0  0  0  0
0.006000008434  0.003999998793  0  0  0  0
0.006000008434  0.002999998862  0  0  0  0
0.006000008434  0.001999998931  0  0  0  0
0.006000008434  0.0009999988833  0  0  0  0
0.006000008434  -1.116655768e-09  0  0  0  0
0.006000008434  -0.001000001095  0  0  0  0
0.006000008434  -0.002000001026  0  0  0  0
0.006000008434  -0.003000000957  0  0  0  0
0.006000008434  -0.004000001121  0  0  0  0
0.006000008434  -0.005000001285  0  0  0  0
0.006000008434  -0.006000001449  0  0  0  0
0.006000008434  -0.007000001613  0  0  0  0
0.006000008434  -0.008000001311  0  0  0  0
0.006000008434  -0.009000001475  0  0  0  0
0.00500000827  0.009999999776  0  0  0  0
0.00500000827  0.008999999613  0  0  0  0
0.00500000827  0.007999999449  0  0  0  0
0.00500000827  0.006999999285  0  0  0  0
0.00500000827  0.005999999121  0  0  0  0
0.00500000827  0.004999998957  0  0  0  0
0.00500000827  0.003999998793  0  0  0  0
0.00500000827  0.002999998862  0  0  0  0
0.00500000827  0.001999998931  0  0  0  0
0.00500000827  0.0009999988833  0  0  0  0
0.00500000827  -1.116655768e-09  0  0  0  0
0.00500000827  -0.001000001095  0  0  0  0
0.00500000827  -0.002000001026  0  0  0  0
0.00500000827  -0.003000000957  0  0  0  0
0.00500000827  -0.004000001121  0  0  0  0
0.00500000827  -0.005000001285  0  0  0  0
0.00500000827  -0.006000001449  0  0  0  0
0.00500000827  -0.007000001613  0  0  0  0
0.00500000827  -0.008000001311  0  0  0  0
0.00500000827  -0.009000001475  0  0  0  0
0.004000008106  0.009999999776  0  0  0  0
0.004000008106  0.008999999613  0  0  0  0
0.004000008106  0.007999999449  0  0  0  0
0.004000008106  0.006999999285  0  0  0  0
0.004000008106  0.005999999121  0  0  0  0
0.004000008106  0.004999998957  0  0  0  0
0.004000008106  0.003999998793  0  0  0  0
0.004000008106  0.002999998862  0  0  0  0
0.004000008106  0.001999998931  0  0  0  0
0.004000008106  0.0009999988833  0  0  0  0
0.004000008106  -1.116655768e-09  0  0  0  0
0.004000008106  -0.001000001095  0  0  0  0
0.004000008106  -0.002000001026  0  0  0  0
0.004000008106  -0.003000000957  0  0  0  0
0.004000008106  -0.004000001121  0  0  0  0
0.004000008106  -0.005000001285  0  0  0  0
0.004000008106  -0.006000001449  0  0  0  0
0.004000008106  -0.007000001613  0  0  0  0
0.004000008106  -0.008000001311  0  0  0  0
0.004000008106  -0.009000001475  0  0  0  0
0.003000008175  0.009999999776  0  0  0  0
0.003000008175  0.008999999613  0  0  0  0
0.003000008175  0.007999999449  0  0  0  0
0.003000008175  0.006999999285  0  0  0  0
0.003000008175  0.005999999121  0  0  0  0
0.003000008175  0.004999998957  0  0  0  0
0.003000008175  0.003999998793  0  0  0  0
0.003000008175  0.002999998862  0  0  0  0
0.003000008175  0.001999998931  0  0  0  0
0.003000008175  0.0009999988833  0  0  0  0
0.003000008175  -1.116655768e-09  0  0  0  0
0.003000008175  -0.001000001095  0  0  0  0
0.003000008175  -0.002000001026  0  0  0  0
0.003000008175  -0.003000000957  0  0  0  0
0.003000008175  -0.004000001121  0  0  0  0
0.003000008175  -0.005000001285  0  0  0  0
0.003000008175  -0.006000001449  0  0  0  0
0.003000008175  -0.007000001613  0  0  0  0
0.003000008175  -0.008000001311  0  0  0  0
0.003000008175  -0.009000001475  0  0  0  0
0.002000008244  0.009999999776  0  0  0  0
0.002000008244  0.008999999613  0  0  0  0
0.002000008244  0.007999999449  0  0  0  0
0.002000008244  0.006999999285  0  0  0  0
0.002000008244  0.005999999121  0  0  0  0
0.002000008244  0.004999998957  0  0  0  0
0.002000008244  0.003999998793  0  0  0  0
0.002000008244  0.002999998862  0  0  0  0
0.002000008244  0.001999998931  0  0  0  0
0.002000008244  0.0009999988833  0  0  0  0
0.002000008244  -1.116655768e-09  0  0  0  0
0.002000008244  -0.001000001095  0  0  0  0
0.002000008244  -0.002000001026  0  0  0  0
0.002000008244  -0.003000000957  0  0  0  0
0.002000008244  -0.004000001121  0  0  0  0
0.002000008244  -0.005000001285  0  0  0  0
0.002000008244  -0.006000001449  0  0  0  0
0.002000008244  -0.007000001613  0  0  0  0
0.002000008244  -0.008000001311  0  0  0  0
0.002000008244  -0.009000001475  0  0  0  0
0.001000008197  0.009999999776  0  0  0  0
0.001000008197  0.008999999613  0  0  0  0
0.001000008197  0.007999999449  0  0  0  0
0.001000008197  0.006999999285  0  0  0  0
0.001000008197  0.005999999121  0  0  0  0
0.001000008197  0.004999998957  0  0  0  0
0.001000008197  0.003999998793  0  0  0  0
0.001000008197  0.002999998862  0  0  0  0
0.001000008197  0.001999998931  0  0  0  0
0.001000008197  0.0009999988833  0  0  0  0
0.001000008197  -1.116655768e-09  0  0  0  0
0.001000008197  -0.001000001095  0  0  0  0
0.001000008197  -0.002000001026  0  0  0  0
0.001000008197  -0.003000000957  0  0  0  0
0.001000008197  -0.004000001121  0  0  0  0
0.001000008197  -0.005000001285  0  0  0  0
0.001000008197  -0.006000001449  0  0  0  0
0.001000008197  -0.007000001613  0  0  0  0
0.001000008197  -0.008000001311  0  0  0  0
0.001000008197  -0.009000001475  0  0  0  0
8.196569645e-09  0.009999999776  0  0  0  0
8.196569645e-09  0.008999999613  0  0  0  0
8.196569645e-09  0.007999999449  0  0  0  0
8.196569645e-09  0.006999999285  0  0  0  0
8.196569645e-09  0.005999999121  0  0  0  0
8.196569645e-09  0.004999998957  0  0  0  0
8.196569645e-09  0.003999998793  0  0  0  0
8.196569645e-09  0.002999998862  0  0  0  0
8.196569645e-09  0.001999998931  0  0  0  0
8.196569645e-09  0.0009999988833  0  0  0  0
8.196569645e-09  -1.116655768e-09  0  0  0  0
8.196569645e-09  -0.001000001095  0  0  0  0
8.196569645e-09  -0.002000001026  0  0  0  0
8.196569645e-09  -0.003000000957  0  0  0  0
8.196569645e-09  -0.004000001121  0  0  0  0
8.196569645e-09  -0.005000001285  0  0  0  0
8.196569645e-09  -0.006000001449  0  0  0  0
8.196569645e-09  -0.007000001613  0  0  0  0
8.196569645e-09  -0.008000001311  0  0  0  0
8.196569645e-09  -0.009000001475  0  0  0  0
-0.000999991782  0.009999999776  0  0  0  0
-0.000999991782  0.008999999613  0  0  0  0
-0.000999991782  0.007999999449  0  0  0  0
-0.000999991782  0.006999999285  0  0  0  0
-0.000999991782  0.005999999121  0  0  0  0
-0.000999991782  0.004999998957  0  0  0  0
-0.000999991782  0.003999998793  0  0  0  0
-0.000999991782  0.002999998862  0  0  0  0
-0.000999991782  0.001999998931  0  0  0  0
-0.000999991782  0.0009999988833  0  0  0  0
-0.000999991782  -1.116655768e-09  0  0  0  0
-0.000999991782  -0.001000001095  0  0  0  0
-0.000999991782  -0.002000001026  0  0  0  0
-0.000999991782  -0.003000000957  0  0  0  0
-0.000999991782  -0.004000001121  0  0  0  0
-0.000999991782  -0.005000001285  0  0  0  0
-0.000999991782  -0.006000001449  0  0  0  0
-0.000999991782  -0.007000001613  0  0  0  0
-0.000999991782  -0.008000001311  0  0  0  0
-0.000999991782  -0.009000001475  0  0  0  0
-0.001999991713  0.009999999776  0  0  0  0
-0.001999991713  0.008999999613  0  0  0  0
-0.001999991713  0.007999999449  0  0  0  0
-0.001999991713  0.006999999285  0  0  0  0
-0.001999991713  0.005999999121  0  0  0  0
-0.001999991713  0.004999998957  0  0  0  0
-0.001999991713  0.003999998793  0  0  0  0
-0.001999991713  0.002999998862  0  0  0  0
-0.001999991713  0.001999998931  0  0  0  0
-0.001999991713  0.0009999988833  0  0  0  0
-0.001999991713  -1.116655768e-09  0  0  0  0
-0.001999991713  -0.001000001095  0  0  0  0
-0.001999991713  -0.002000001026  0  0  0  0
-0.001999991713  -0.003000000957  0  0  0  0
-0.001999991713  -0.004000001121  0  0  0  0
-0.001999991713  -0.005000001285  0  0  0  0
-0.001999991713  -0.006000001449  0  0  0  0
-0.001999991713  -0.007000001613  0  0  0  0
-0.001999991713  -0.008000001311  0  0  0  0
-0.001999991713  -0.009000001475  0  0  0  0
-0.002999991644  0.009999999776  0  0  0  0
-0.002999991644  0.008999999613  0  0  0  0
-0.002999991644  0.007999999449  0  0  0  0
-0.002999991644  0.006999999285  0  0  0  0
-0.002999991644  0.005999999121  0  0  0  0
-0.002999991644  0.004999998957  0  0  0  0
-0.002999991644  0.003999998793  0  0  0  0
-0.002999991644  0.002999998862  0  0  0  0
-0.002999991644  0.001999998931  0  0  0  0
-0.002999991644  0.0009999988833  0  0  0  0
-0.002999991644  -1.116655768e-09  0  0  0  0
-0.002999991644  -0.001000001095  0  0  0  0
-0.002999991644  -0.002000001026  0  0  0  0
-0.002999991644  -0.003000000957  0  0  0  0
-0.002999991644  -0.004000001121  0  0  0  0
-0.002999991644  -0.005000001285  0  0  0  0
-0.002999991644  -0.006000001449  0  0  0  0
-0.002999991644  -0.007000001613  0  0  0  0
-0.002999991644  -0.008000001311  0  0  0  0
-0.002999991644  -0.009000001475  0  0  0  0
-0.003999991808  0.009999999776  0  0  0  0
-0.003999991808  0.008999999613  0  0  0  0
-0.003999991808  0.007999999449  0  0  0  0
-0.003999991808  0.006999999285  0  0  0  0
-0.003999991808  0.005999999121  0  0  0  0
-0.003999991808  0.004999998957  0  0  0  0
-0.003999991808  0.003999998793  0  0  0  0
-0.003999991808  0.002999998862  0  0  0  0
-0.003999991808  0.001999998931  0  0  0  0
-0.003999991808  0.0009999988833  0  0  0  0
-0.003999991808  -1.116655768e-09  0  0  0  0
-0.003999991808  -0.001000001095  0  0  0  0
-0.003999991808  -0.002000001026  0  0  0  0
-0.003999991808  -0.003000000957  0  0  0  0
-0.003999991808  -0.004000001121  0  0  0  0
-0.003999991808  -0.005000001285  0  0  0  0
-0.003999991808  -0.006000001449  0  0  0  0
-0.003999991808  -0.007000001613  0  0  0  0
-0.003999991808  -0.008000001311  0  0  0  0
-0.003999991808  -0.009000001475  0  0  0  0
-0.004999991972  0.009999999776  0  0  0  0
-0.004999991972  0.008999999613  0  0  0  0
-0.004999991972  0.007999999449  0  0  0  0
-0.004999991972  0.006999999285  0  0  0  0
-0.004999991972  0.005999999121  0  0  0  0
-0.004999991972  0.004999998957  0  0  0  0
-0.004999991972  0.003999998793  0  0  0  0
-0.004999991972  0.002999998862  0  0  0  0
-0.004999991972  0.001999998931  0  0  0  0
-0.004999991972  0.0009999988833  0  0  0  0
-0.004999991972  -1.116655768e-09  0  0  0  0
-0.004999991972  -0.001000001095  0  0  0  0
-0.004999991972  -0.002000001026  0  0  0  0
-0.004999991972  -0.003000000957  0  0  0  0
-0.004999991972  -0.004000001121  0  0  0  0
-0.004999991972  -0.005000001285  0  0  0  0
-0.004999991972  -0.006000001449  0  0  0  0
-0.004999991972  -0.007000001613  0  0  0  0
-0.004999991972  -0.008000001311  0  0  0  0
-0.004999991972  -0.009000001475  0  0  0  0
-0.005999992136  0.009999999776  0  0  0  0
-0.005999992136  0.008999999613  0  0  0  0
-0.005999992136  0.007999999449  0  0  0  0
-0.005999992136  0.006999999285  0  0  0  0
-0.005999992136  0.005999999121  0  0  0  0
-0.005999992136  0.004999998957  0  0  0  0
-0.005999992136  0.003999998793  0  0  0  0
-0.005999992136  0.002999998862  0  0  0  0
-0.005999992136  0.001999998931  0  0  0  0
-0.005999992136  0.0009999988833  0  0  0  0
-0.005999992136  -1.116655768e-09  0  0  0  0
-0.005999992136  -0.001000001095  0  0  0  0
-0.005999992136  -0.002000001026  0  0  0  0
-0.005999992136  -0.003000000957  0  0  0  0
-0.005999992136  -0.004000001121  0  0  0  0
-0.005999992136  -0.005000001285  0  0  0  0
-0.005999992136  -0.006000001449  0  0  0  0
-0.005999992136  -0.007000001613  0  0  0  0
-0.005999992136  -0.008000001311  0  0  0  0
-0.005999992136  -0.009000001475  0  0  0  0
-0.0069999923  0.009999999776  0  0  0  0
-0.0069999923  0.008999999613  0  0  0  0
-0.0069999923  0.007999999449  0  0  0  0
-0.0069999923  0.006999999285  0  0  0  0
-0.0069999923  0.005999999121  0  0  0  0
-0.0069999923  0.004999998957  0  0  0  0
-0.0069999923  0.003999998793  0  0  0  0
-0.0069999923  0.002999998862  0  0  0  0
-0.0069999923  0.001999998931  0  0  0  0
-0.0069999923  0.0009999988833  0  0  0  0
-0.0069999923  -1.116655768e-09  0  0  0  0
-0.0069999923  -0.001000001095  0  0  0  0
-0.0069999923  -0.002000001026  0  0  0  0
-0.0069999923  -0.003000000957  0  0  0  0
-0.0069999923  -0.004000001121  0  0  0  0
-0.0069999923  -0.005000001285  0  0  0  0
-0.0069999923  -0.006000001449  0  0  0  0
-0.0069999923  -0.007000001613  0  0  0  0
-0.0069999923  -0.008000001311  0  0  0  0
-0.0069999923  -0.009000001475  0  0  0  0
-0.007999991998  0.009999999776  0  0  0  0
-0.007999991998  0.008999999613  0  0  0  0
-0.007999991998  0.007999999449  0  0  0  0
-0.007999991998  0.006999999285  0  0  0  0
-0.007999991998  0.005999999121  0  0  0  0
-0.007999991998  0.004999998957  0  0  0  0
-0.007999991998  0.003999998793  0  0  0  0
-0.007999991998  0.002999998862  0  0  0  0
-0.007999991998  0.001999998931  0  0  0  0
-0.007999991998  0.0009999988833  0  0  0  0
-0.007999991998  -1.116655768e-09  0  0  0  0
-0.007999991998  -0.001000001095  0  0  0  0
-0.007999991998  -0.002000001026  0  0  0  0
-0.007999991998  -0.003000000957  0  0  0  0
-0.007999991998  -0.004000001121  0  0  0  0
-0.007999991998  -0.005000001285  0  0  0  0
-0.007999991998  -0.006000001449  0  0  0  0
-0.007999991998  -0.007000001613  0  0  0  0
-0.007999991998  -0.008000001311  0  0  0  0
-0.007999991998  -0.009000001475  0  0  0  0
-0.008999992162  0.009999999776  0  0  0  0
-0.008999992162  0.008999999613  0  0  0  0
-0.008999992162  0.007999999449  0  0  0  0
-0.008999992162  0.006999999285  0  0  0  0
-0.008999992162  0.005999999121  0  0  0  0
-0.008999992162  0.004999998957  0  0  0  0
-0.008999992162  0.003999998793  0  0  0  0
-0.008999992162  0.002999998862  0  0  0  0
-0.008999992162  0.001999998931  0  0  0  0
-0.008999992162  0.0009999988833  0  0  0  0
-0.008999992162  -1.116655768e-09  0  0  0  0
-0.008999992162  -0.001000001095  0  0  0  0
-0.008999992162  -0.002000001026  0  0  0  0
-0.008999992162  -0.003000000957  0  0  0  0
-0.008999992162  -0.004000001121  0  0  0  0
-0.008999992162  -0.005000001285  0  0  0  0
-0.008999992162  -0.006000001449  0  0  0  0
-0.008999992162  -0.007000001613  0  0  0  0
-0.008999992162  -0.008000001311  0  0  0  0
-0.008999992162  -0.009000001475  0  0  0  0
-0.009999992326  0.009999999776  0  0  0  0
-0.009999992326  0.008999999613  0  0  0  0
-0.009999992326  0.007999999449  0  0  0  0
-0.009999992326  0.006999999285  0  0  0  0
-0.009999992326  0.005999999121  0  0  0  0
-0.009999992326  0.004999998957  0  0  0  0
-0.009999992326  0.003999998793  0  0  0  0
-0.009999992326  0.002999998862  0  0  0  0
-0.009999992326  0.001999998931  0  0  0  0
-0.009999992326  0.0009999988833  0  0  0  0
-0.009999992326  -1.116655768e-09  0  0  0  0
-0.009999992326  -0.001000001095  0  0  0  0
-0.009999992326  -0.002000001026  0  0  0  0
-0.009999992326  -0.003000000957  0  0  0  0
-0.009999992326  -0.004000001121  0  0  0  0
-0.009999992326  -0.005000001285  0  0  0  0
-0.009999992326  -0.006000001449  0  0  0  0
-0.009999992326  -0.007000001613  0  0  0  0
-0.009999992326  -0.008000001311  0  0  0  0
-0.009999992326  -0.009000001475  0  0  0  0
-0.01099999249  0.009999999776  0  0  0  0
-0.01099999249  0.008999999613  0  0  0  0
-0.01099999249  0.007999999449  0  0  0  0
-0.01099999249  0.006999999285  0  0  0  0
-0.01099999249  0.005999999121  0  0  0  0
-0.01099999249  0.004999998957  0  0  0  0
-0.01099999249  0.003999998793  0  0  0  0
-0.01099999249  0.002999998862  0  0  0  0
-0.01099999249  0.001999998931  0  0  0  0
-0.01099999249  0.0009999988833  0  0  0  0
-0.01099999249  -1.116655768e-09  0  0  0  0
-0.01099999249  -0.001000001095  0  0  0  0
-0.01099999249  -0.002000001026  0  0  0  0
-0.01099999249  -0.003000000957  0  0  0  0
-0.01099999249  -0.004000001121  0  0  0  0
-0.01099999249  -0.005000001285  0  0  0  0
-0.01099999249  -0.006000001449  0  0  0  0
-0.01099999249  -0.007000001613  0  0  0  0
-0.01099999249  -0.008000001311  0  0  0  0
-0.01099999249  -0.009000001475  0  0  0  0
-0.01199999265  0.009999999776  0  0  0  0
-0.01199999265  0.008999999613  0  0  0  0
-0.01199999265  0.007999999449  0  0  0  0
-0.01199999265  0.006999999285  0  0  0  0
-0.01199999265  0.005999999121  0  0  0  0
-0.01199999265  0.004999998957  0  0  0  0
-0.01199999265  0.003999998793  0  0  0  0
-0.01199999265  0.002999998862  0  0  0  0
-0.01199999265  0.001999998931  0  0  0  0
-0.01199999265  0.0009999988833  0  0  0  0
-0.01199999265  -1.116655768e-09  0  0  0  0
-0.01199999265  -0.001000001095  0  0  0  0
-0.01199999265  -0.002000001026  0  0  0  0
-0.01199999265  -0.003000000957  0  0  0  0
-0.01199999265  -0.004000001121  0  0  0  0
-0.01199999265  -0.005000001285  0  0  0  0
-0.01199999265  -0.006000001449  0  0  0  0
-0.01199999265  -0.007000001613  0  0  0  0
-0.01199999265  -0.008000001311  0  0  0  0
-0.01199999265  -0.009000001475  0  0  0  0
-0.01299999282  0.009999999776  0  0  0  0
-0.01299999282  0.008999999613  0  0  0  0
-0.01299999282  0.007999999449  0  0  0  0
-0.01299999282  0.006999999285  0  0  0  0
-0.01299999282  0.005999999121  0  0  0  0
-0.01299999282  0.004999998957  0  0  0  0
-0.01299999282  0.003999998793  0  0  0  0
-0.01299999282  0.002999998862  0  0  0  0
-0.01299999282  0.001999998931  0  0  0  0
-0.01299999282  0.0009999988833  0  0  0  0
-0.01299999282  -1.116655768e-09  0  0  0  0
-0.01299999282  -0.001000001095  0  0  0  0
-0.01299999282  -0.002000001026  0  0  0  0
-0.01299999282  -0.003000000957  0  0  0  0
-0.01299999282  -0.004000001121  0  0  0  0
-0.01299999282  -0.005000001285  0  0  0  0
-0.01299999282  -0.006000001449  0  0  0  0
-0.01299999282  -0.007000001613  0  0  0  0
-0.01299999282  -0.008000001311  0  0  0  0
-0.01299999282  -0.009000001475  0  0  0  0
-0.01399999298  0.009999999776  0  0  0  0
-0.01399999298  0.008999999613  0  0  0  0
-0.01399999298  0.007999999449  0  0  0  0
-0.01399999298  0.006999999285  0  0  0  0
-0.01399999298  0.005999999121  0  0  0  0
-0.01399999298  0.004999998957  0  0  0  0
-0.01399999298  0.003999998793  0  0  0  0
-0.01399999298  0.002999998862  0  0  0  0
-0.01399999298  0.001999998931  0  0  0  0
-0.01399999298  0.0009999988833  0  0  0  0
-0.01399999298  -1.116655768e-09  0  0  0  0
-0.01399999298  -0.001000001095  0  0  0  0
-0.01399999298  -0.002000001026  0  0  0  0
-0.01399999298  -0.003000000957  0  0  0  0
-0.01399999298  -0.004000001121  0  0  0  0
-0.01399999298  -0.005000001285  0  0  0  0
-0.01399999298  -0.006000001449  0  0  0  0
-0.01399999298  -0.007000001613  0  0  0  0
-0.01399999298  -0.008000001311  0  0  0  0
-0.01399999298  -0.009000001475  0  0  0  0
-0.01499999315  0.009999999776  0  0  0  0
-0.01499999315  0.008999999613  0  0  0  0
-0.01499999315  0.007999999449  0  0  0  0
-0.01499999315  0.006999999285  0  0  0  0
-0.01499999315  0.005999999121  0  0  0  0
-0.01499999315  0.004999998957  0  0  0  0
-0.01499999315  0.003999998793  0  0  0  0
-0.01499999315  0.002999998862  0  0  0  0
-0.01499999315  0.001999998931  0  0  0  0
-0.01499999315  0.0009999988833  0  0  0  0
-0.01499999315  -1.116655768e-09  0  0  0  0
-0.01499999315  -0.001000001095  0  0  0  0
-0.01499999315  -0.002000001026  0  0  0  0
-0.01499999315  -0.003000000957  0  0  0  0
-0.01499999315  -0.004000001121  0  0  0  0
-0.01499999315  -0.005000001285  0  0  0  0
-0.01499999315  -0.006000001449  0  0  0  0
-0.01499999315  -0.007000001613  0  0  0  0
-0.01499999315  -0.008000001311  0  0  0  0
-0.01499999315  -0.009000001475  0  0  0  0
-0.01599999331  0.009999999776  0  0  0  0
-0.01599999331  0.008999999613  0  0  0  0
-0.01599999331  0.007999999449  0  0  0  0
-0.01599999331  0.006999999285  0  0  0  0
-0.01599999331  0.005999999121  0  0  0  0
-0.01599999331  0.004999998957  0  0  0  0
-0.01599999331  0.003999998793  0  0  0  0
-0.01599999331  0.002999998862  0  0  0  0
-0.01599999331  0.001999998931  0  0  0  0
-0.01599999331  0.0009999988833  0  0  0  0
-0.01599999331  -1.116655768e-09  0  0  0  0
-0.01599999331  -0.001000001095  0  0  0  0
-0.01599999331  -0.002000001026  0  0  0  0
-0.01599999331  -0.003000000957  0  0  0  0
-0.01599999331  -0.004000001121  0  0  0  0
-0.01599999331  -0.005000001285  0  0  0  0
-0.01599999331  -0.006000001449  0  0  0  0
-0.01599999331  -0.007000001613  0  0  0  0
-0.01599999331  -0.008000001311  0  0  0  0
-0.01599999331  -0.009000001475  0  0  0  0
-0.01699999347  0.009999999776  0  0  0  0
-0.01699999347  0.008999999613  0  0  0  0
-0.01699999347  0.007999999449  0  0  0  0
-0.01699999347  0.006999999285  0  0  0  0
-0.01699999347  0.005999999121  0  0  0  0
-0.01699999347  0.004999998957  0  0  0  0
-0.01699999347  0.003999998793  0  0  0  0
-0.01699999347  0.002999998862  0  0  0  0
-0.01699999347  0.001999998931  0  0  0  0
-0.01699999347  0.0009999988833  0  0  0  0
-0.01699999347  -1.116655768e-09  0  0  0  0
-0.01699999347  -0.001000001095  0  0  0  0
-0.01699999347  -0.002000001026  0  0  0  0
-0.01699999347  -0.003000000957  0  0  0  0
-0.01699999347  -0.004000001121  0  0  0  0
-0.01699999347  -0.005000001285  0  0  0  0
-0.01699999347  -0.006000001449  0  0  0  0
-0.01699999347  -0.007000001613  0  0  0  0
-0.01699999347  -0.008000001311  0  0  0  0
-0.01699999347  -0.009000001475  0  0  0  0
-0.01799999364  0.009999999776  0  0  0  0
-0.01799999364  0.008999999613  0  0  0  0
-0.01799999364  0.007999999449  0  0  0  0
-0.01799999364  0.006999999285  0  0  0  0
-0.01799999364  0.005999999121  0  0  0  0
-0.01799999364  0.004999998957  0  0  0  0
-0.01799999364  0.003999998793  0  0  0  0
-0.01799999364  0.002999998862  0  0  0  0
-0.01799999364  0.001999998931  0  0  0  0
-0.01799999364  0.0009999988833  0  0  0  0
-0.01799999364  -1.116655768e-09  0  0  0  0
-0.01799999364  -0.001000001095  0  0  0  0
-0.01799999364  -0.002000001026  0  0  0  0
-0.01799999364  -0.003000000957  0  0  0  0
-0.01799999364  -0.004000001121  0  0  0  0
-0.01799999364  -0.005000001285  0  0  0  0
-0.01799999364  -0.006000001449  0  0  0  0
-0.01799999364  -0.007000001613  0  0  0  0
-0.01799999364  -0.008000001311  0  0  0  0
-0.01799999364  -0.009000001475  0  0  0  0
-0.0189999938  0.009999999776  0  0  0  0
-0.0189999938  0.008999999613  0  0  0  0
-0.0189999938  0.007999999449  0  0  0  0
-0.0189999938  0.006999999285  0  0  0  0
-0.0189999938  0.005999999121  0  0  0  0
-0.0189999938  0.004999998957  0  0  0  0
-0.0189999938  0.003999998793  0  0  0  0
-0.0189999938  0.002999998862  0  0  0  0
-0.0189999938  0.001999998931  0  0  0  0
-0.0189999938  0.0009999988833  0  0  0  0
-0.0189999938  -1.116655768e-09  0  0  0  0
-0.0189999938  -0.001000001095  0  0  0  0
-0.0189999938  -0.002000001026  0  0  0  0
-0.0189999938  -0.003000000957  0  0  0  0
-0.0189999938  -0.004000001121  0  0  0  0
-0.0189999938  -0.005000001285  0  0  0  0
-0.0189999938  -0.006000001449  0  0  0  0
-0.0189999938  -0.007000001613  0  0  0  0
-0.0189999938  -0.008000001311  0  0  0  0
-0.0189999938  -0.009000001475  0  0  0  0
-0.01999999397  0.009999999776  0  0  0  0
-0.01999999397  0.008999999613  0  0  0  0
-0.01999999397  0.007999999449  0  0  0  0
-0.01999999397  0.006999999285  0  0  0  0
-0.01999999397  0.005999999121  0  0  0  0
-0.01999999397  0.004999998957  0  0  0  0
-0.01999999397  0.003999998793  0  0  0  0
-0.01999999397  0.002999998862  0  0  0  0
-0.01999999397  0.001999998931  0  0  0  0
-0.01999999397  0.0009999988833  0  0  0  0
-0.01999999397  -1.116655768e-09  0  0  0  0
-0.01999999397  -0.001000001095  0  0  0  0
-0.01999999397  -0.002000001026  0  0  0  0
-0.01999999397  -0.003000000957  0  0  0  0
-0.01999999397  -0.004000001121  0  0  0  0
-0.01999999397  -0.005000001285  0  0  0  0
-0.01999999397  -0.006000001449  0  0  0  0
-0.01999999397  -0.007000001613  0  0  0  0
-0.01999999397  -0.008000001311  0  0  0  0
-0.01999999397  -0.009000001475  0  0  0  0
-0.02099999413  0.009999999776  0  0  0  0
-0.02099999413  0.008999999613  0  0  0  0
-0.02099999413  0.007999999449  0  0  0  0
-0.02099999413  0.006999999285  0  0  0  0
-0.02099999413  0.005999999121  0  0  0  0
-0.02099999413  0.004999998957  0  0  0  0
-0.02099999413  0.003999998793  0  0  0  0
-0.02099999413  0.002999998862  0  0  0  0
-0.02099999413  0.001999998931  0  0  0  0
-0.02099999413  0.0009999988833  0  0  0  0
-0.02099999413  -1.116655768e-09  0  0  0  0
-0.02099999413  -0.001000001095  0  0  0  0
-0.02099999413  -0.002000001026  0  0  0  0
-0.02099999413  -0.003000000957  0  0  0  0
-0.02099999413  -0.004000001121  0  0  0  0
-0.02099999413  -0.005000001285  0  0  0  0
-0.02099999413  -0.006000001449  0  0  0  0
-0.02099999413  -0.007000001613  0  0  0  0
-0.02099999413  -0.008000001311  0  0  0  0
-0.02099999413  -0.009000001475  0  0  0  0
-0.02199999429  0.009999999776  0  0  0  0
-0.02199999429  0.008999999613  0  0  0  0
-0.02199999429  0.007999999449  0  0  0  0
-0.02199999429  0.006999999285  0  0  0  0
-0.02199999429  0.005999999121  0  0  0  0
-0.02199999429  0.004999998957  0  0  0  0
-0.02199999429  0.003999998793  0  0  0  0
-0.02199999429  0.002999998862  0  0  0  0
-0.02199999429  0.001999998931  0  0  0  0
-0.02199999429  0.0009999988833  0  0  0  0
-0.02199999429  -1.116655768e-09  0  0  0  0
-0.02199999429  -0.001000001095  0  0  0  0
-0.02199999429  -0.002000001026  0  0  0  0
-0.02199999429  -0.003000000957  0  0  0  0
-0.02199999429  -0.004000001121  0  0  0  0
-0.02199999429  -0.005000001285  0  0  0  0
-0.02199999429  -0.006000001449  0  0  0  0
-0.02199999429  -0.007000001613  0  0  0  0
-0.02199999429  -0.008000001311  0  0  0  0
-0.02199999429  -0.009000001475  0  0  0  0
-0.02299999446  0.009999999776  0  0  0  0
-0.02299999446  0.008999999613  0  0  0  0
-0.02299999446  0.007999999449  0  0  0  0
-0.02299999446  0.006999999285  0  0  0  0
-0.02299999446  0.005999999121  0  0  0  0
-0.02299999446  0.004999998957  0  0  0  0
-0.02299999446  0.003999998793  0  0  0  0
-0.02299999446  0.002999998862  0  0  0  0
-0.02299999446  0.001999998931  0  0  0  0
-0.02299999446  0.0009999988833  0  0  0  0
-0.02299999446  -1.116655768e-09  0  0  0  0
-0.02299999446  -0.001000001095  0  0  0  0
-0.02299999446  -0.002000001026  0  0  0  0
-0.02299999446  -0.003000000957  0  0  0  0
-0.02299999446  -0.004000001121  0  0  0  0
-0.02299999446  -0.005000001285  0  0  0  0
-0.02299999446  -0.006000001449  0  0  0  0
-0.02299999446  -0.007000001613  0  0  0  0
-0.02299999446  -0.008000001311  0  0  0  0
-0.02299999446  -0.009000001475  0  0  0  0
-0.02399999462  0.009999999776  0  0  0  0
-0.02399999462  0.008999999613  0  0  0  0
-0.02399999462  0.007999999449  0  0  0  0
-0.02399999462  0.006999999285  0  0  0  0
-0.02399999462  0.005999999121  0  0  0  0
-0.02399999462  0.004999998957  0  0  0  0
-0.02399999462  0.003999998793  0  0  0  0
-0.02399999462  0.002999998862  0  0  0  0
-0.02399999462  0.001999998931  0  0  0  0
-0.02399999462  0.0009999988833  0  0  0  0
-0.02399999462  -1.116655768e-09  0  0  0  0
-0.02399999462  -0.001000001095  0  0  0  0
-0.02399999462  -0.002000001026  0  0  0  0
-0.02399999462  -0.003000000957  0  0  0  0
-0.02399999462  -0.004000001121  0  0  0  0
-0.02399999462  -0.005000001285  0  0  0  0
-0.02399999462  -0.006000001449  0  0  0  0
-0.02399999462  -0.007000001613  0  0  0  0
-0.02399999462  -0.008000001311  0  0  0  0
-0.02399999462  -0.009000001475  0  0  0  0
-0.02499999478  0.009999999776  0  0  0  0
-0.02499999478  0.008999999613  0  0  0  0
-0.02499999478  0.007999999449  0  0  0  0
-0.02499999478  0.006999999285  0  0  0  0
-0.02499999478  0.005999999121  0  0  0  0
-0.02499999478  0.004999998957  0  0  0  0
-0.02499999478  0.003999998793  0  0  0  0
-0.02499999478  0.002999998862  0  0  0  0
-0.02499999478  0.001999998931  0  0  0  0
-0.02499999478  0.0009999988833  0  0  0  0
-0.02499999478  -1.116655768e-09  0  0  0  0
-0.02499999478  -0.001000001095  0  0  0  0
-0.02499999478  -0.002000001026  0  0  0  0
-0.02499999478  -0.003000000957  0  0  0  0
-0.02499999478  -0.004000001121  0  0  0  0
-0.02499999478  -0.005000001285  0  0  0  0
-0.02499999478  -0.006000001449  0  0  0  0
-0.02499999478  -0.007000001613  0  0  0  0
-0.02499999478  -0.008000001311  0  0  0  0
-0.02499999478  -0.009000001475  0  0  0  0
-0.02599999495  0.009999999776  0  0  0  0
-0.02599999495  0.008999999613  0  0  0  0
-0.02599999495  0.007999999449  0  0  0  0
-0.02599999495  0.006999999285  0  0  0  0
-0.02599999495  0.005999999121  0  0  0  0
-0.02599999495  0.004999998957  0  0  0  0
-0.02599999495  0.003999998793  0  0  0  0
-0.02599999495  0.002999998862  0  0  0  0
-0.02599999495  0.001999998931  0  0  0  0
-0.02599999495  0.0009999988833  0  0  0  0
-0.02599999495  -1.116655768e-09  0  0  0  0
-0.02599999495  -0.001000001095  0  0  0  0
-0.02599999495  -0.002000001026  0  0  0  0
-0.02599999495  -0.003000000957  0  0  0  0
-0.02599999495  -0.004000001121  0  0  0  0
-0.02599999495  -0.005000001285  0  0  0  0
-0.02599999495  -0.006000001449  0  0  0  0
-0.02599999495  -0.007000001613  0  0  0  0
-0.02599999495  -0.008000001311  0  0  0  0
-0.02599999495  -0.009000001475  0  0  0  0
-0.02699999511  0.009999999776  0  0  0  0
-0.02699999511  0.008999999613  0  0  0  0
-0.02699999511  0.007999999449  0  0  0  0
-0.02699999511  0.006999999285  0  0  0  0
-0.02699999511  0.005999999121  0  0  0  0
-0.02699999511  0.004999998957  0  0  0  0
-0.02699999511  0.003999998793  0  0  0  0
-0.02699999511  0.002999998862  0  0  0  0
-0.02699999511  0.001999998931  0  0  0  0
-0.02699999511  0.0009999988833  0  0  0  0
-0.02699999511  -1.116655768e-09  0  0  0  0
-0.02699999511  -0.001000001095  0  0  0  0
-0.02699999511  -0.002000001026  0  0  0  0
-0.02699999511  -0.003000000957  0  0  0  0
-0.02699999511  -0.004000001121  0  0  0  0
-0.02699999511  -0.005000001285  0  0  0  0
-0.02699999511  -0.006000001449  0  0  0  0
-0.02699999511  -0.007000001613  0  0  0  0
-0.02699999511  -0.008000001311  0  0  0  0
-0.02699999511  -0.009000001475  0  0  0  0
-0.02799999528  0.009999999776  0  0  0  0
-0.02799999528  0.008999999613  0  0  0  0
-0.02799999528  0.007999999449  0  0  0  0
-0.02799999528  0.006999999285  0  0  0  0
-0.02799999528  0.005999999121  0  0  0  0
-0.02799999528  0.004999998957  0  0  0  0
-0.02799999528  0.003999998793  0  0  0  0
-0.02799999528  0.002999998862  0  0  0  0
-0.02799999528  0.001999998931  0  0  0  0
-0.02799999528  0.0009999988833  0  0  0  0
-0.02799999528  -1.116655768e-09  0  0  0  0
-0.02799999528  -0.001000001095  0  0  0  0
-0.02799999528  -0.002000001026  0  0  0  0
-0.02799999528  -0.003000000957  0  0  0  0
-0.02799999528  -0.004000001121  0  0  0  0
-0.02799999528  -0.005000001285  0  0  0  0
-0.02799999528  -0.006000001449  0  0  0  0
-0.02799999528  -0.007000001613  0  0  0  0
-0.02799999528  -0.008000001311  0  0  0  0
-0.02799999528  -0.009000001475  0  0  0  0
-0.02899999544  0.009999999776  0  0  0  0
-0.02899999544  0.008999999613  0  0  0  0
-0.02899999544  0.007999999449  0  0  0  0
-0.02899999544  0.006999999285  0  0  0  0
-0.02899999544  0.005999999121  0  0  0  0
-0.02899999544  0.004999998957  0  0  0  0
-0.02899999544  0.003999998793  0  0  0  0
-0.02899999544  0.002999998862  0  0  0  0
-0.02899999544  0.001999998931  0  0  0  0
-0.02899999544  0.0009999988833  0  0  0  0
-0.02899999544  -1.116655768e-09  0  0  0  0
-0.02899999544  -0.001000001095  0  0  0  0
-0.02899999544  -0.002000001026  0  0  0  0
-0.02899999544  -0.003000000957  0  0  0  0
-0.02899999544  -0.004000001121  0  0  0  0
-0.02899999544  -0.005000001285  0  0  0  0
-0.02899999544  -0.006000001449  0  0  0  0
-0.02899999544  -0.007000001613  0  0  0  0
-0.02899999544  -0.008000001311  0  0  0  0
-0.02899999544  -0.009000001475  0  0  0  0
-0.0299999956  0.009999999776  0  0  0  0
-0.0299999956  0.008999999613  0  0  0  0
-0.0299999956  0.007999999449  0  0  0  0
-0.0299999956  0.006999999285  0  0  0  0
-0.0299999956  0.005999999121  0  0  0  0
-0.0299999956  0.004999998957  0  0  0  0
-0.0299999956  0.003999998793  0  0  0  0
-0.0299999956  0.002999998862  0  0  0  0
-0.0299999956  0.001999998931  0  0  0  0
-0.0299999956  0.0009999988833  0  0  0  0
-0.0299999956  -1.116655768e-09  0  0  0  0
-0.0299999956  -0.001000001095  0  0  0  0
-0.0299999956  -0.002000001026  0  0  0  0
-0.0299999956  -0.003000000957  0  0  0  0
-0.0299999956  -0.004000001121  0  0  0  0
-0.0299999956  -0.005000001285  0  0  0  0
-0.0299999956  -0.006000001449  0  0  0  0
-0.0299999956  -0.007000001613  0  0  0  0
-0.0299999956  -0.008000001311  0  0  0  0
-0.0299999956  -0.009000001475  0  0  0  0
-0.03099999577  0.009999999776  0  0  0  0
-0.03099999577  0.008999999613  0  0  0  0
-0.03099999577  0.007999999449  0  0  0  0
-0.03099999577  0.006999999285  0  0  0  0
-0.03099999577  0.005999999121  0  0  0  0
-0.03099999577  0.004999998957  0  0  0  0
-0.03099999577  0.003999998793  0  0  0  0
-0.03099999577  0.002999998862  0  0  0  0
-0.03099999577  0.001999998931  0  0  0  0
-0.03099999577  0.0009999988833  0  0  0  0
-0.03099999577  -1.116655768e-09  0  0  0  0
-0.03099999577  -0.001000001095  0  0  0  0
-0.03099999577  -0.002000001026  0  0  0  0
-0.03099999577  -0.003000000957  0  0  0  0
-0.03099999577  -0.004000001121  0  0  0  0
-0.03099999577  -0.005000001285  0  0  0  0
-0.03099999577  -0.006000001449  0  0  0  0
-0.03099999577  -0.007000001613  0  0  0  0
-0.03099999577  -0.008000001311  0  0  0  0
-0.03099999577  -0.009000001475  0  0  0  0
-0.03199999407  0.009999999776  0  0  0  0
-0.03199999407  0.008999999613  0  0  0  0
-0.03199999407  0.007999999449  0  0  0  0
-0.03199999407  0.006999999285  0  0  0  0
-0.03199999407  0.005999999121  0  0  0  0
-0.03199999407  0.004999998957  0  0  0  0
-0.03199999407  0.003999998793  0  0  0  0
-0.03199999407  0.002999998862  0  0  0  0
-0.03199999407  0.001999998931  0  0  0  0
-0.03199999407  0.0009999988833  0  0  0  0
-0.03199999407  -1.116655768e-09  0  0  0  0
-0.03199999407  -0.001000001095  0  0  0  0
-0.03199999407  -0.002000001026  0  0  0  0
-0.03199999407  -0.003000000957  0  0  0  0
-0.03199999407  -0.004000001121  0  0  0  0
-0.03199999407  -0.005000001285  0  0  0  0
-0.03199999407  -0.006000001449  0  0  0  0
-0.03199999407  -0.007000001613  0  0  0  0
-0.03199999407  -0.008000001311  0  0  0  0
-0.03199999407  -0.009000001475  0  0  0  0
-0.03299999237  0.009999999776  0  0  0  0
-0.03299999237  0.008999999613  0  0  0  0
-0.03299999237  0.007999999449  0  0  0  0
-0.03299999237  0.006999999285  0  0  0  0
-0.03299999237  0.005999999121  0  0  0  0
-0.03299999237  0.004999998957  0  0  0  0
-0.03299999237  0.003999998793  0  0  0  0
-0.03299999237  0.002999998862  0  0  0  0
-0.03299999237  0.001999998931  0  0  0  0
-0.03299999237  0.0009999988833  0  0  0  0
-0.03299999237  -1.116655768e-09  0  0  0  0
-0.03299999237  -0.001000001095  0  0  0  0
-0.03299999237  -0.002000001026  0  0  0  0
-0.03299999237  -0.003000000957  0  0  0  0
-0.03299999237  -0.004000001121  0  0  0  0
-0.03299999237  -0.005000001285  0  0  0  0
-0.03299999237  -0.006000001449  0  0  0  0
-0.03299999237  -0.007000001613  0  0  0  0
-0.03299999237  -0.008000001311  0  0  0  0
-0.03299999237  -0.009000001475  0  0  0  0
-0.03399999067  0.009999999776  0  0  0  0
-0.03399999067  0.008999999613  0  0  0  0
-0.03399999067  0.007999999449  0  0  0  0
-0.03399999067  0.006999999285  0  0  0  0
-0.03399999067  0.005999999121  0  0  0  0
-0.03399999067  0.004999998957  0  0  0  0
-0.03399999067  0.003999998793  0  0  0  0
-0.03399999067  0.002999998862  0  0  0  0
-0.03399999067  0.001999998931  0  0  0  0
-0.03399999067  0.0009999988833  0  0  0  0
-0.03399999067  -1.116655768e-09  0  0  0  0
-0.03399999067  -0.001000001095  0  0  0  0
-0.03399999067  -0.002000001026  0  0  0  0
-0.03399999067  -0.003000000957  0  0  0  0
-0.03399999067  -0.004000001121  0  0  0  0
-0.03399999067  -0.005000001285  0  0  0  0
-0.03399999067  -0.006000001449  0  0  0  0
-0.03399999067  -0.007000001613  0  0  0  0
-0.03399999067  -0.008000001311  0  0  0  0
-0.03399999067  -0.009000001475  0  0  0  0
-0.03499998897  0.009999999776  0  0  0  0
-0.03499998897  0.008999999613  0  0  0  0
-0.03499998897  0.007999999449  0  0  0  0
-0.03499998897  0.006999999285  0  0  0  0
-0.03499998897  0.005999999121  0  0  0  0
-0.03499998897  0.004999998957  0  0  0  0
-0.03499998897  0.003999998793  0  0  0  0
-0.03499998897  0.002999998862  0  0  0  0
-0.03499998897  0.001999998931  0  0  0  0
-0.03499998897  0.0009999988833  0  0  0  0
-0.03499998897  -1.116655768e-09  0  0  0  0
-0.03499998897  -0.001000001095  0  0  0  0
-0.03499998897  -0.002000001026  0  0  0  0
-0.03499998897  -0.003000000957  0  0  0  0
-0.03499998897  -0.004000001121  0  0  0  0
-0.03499998897  -0.005000001285  0  0  0  0
-0.03499998897  -0.006000001449  0  0  0  0
-0.03499998897  -0.007000001613  0  0  0  0
-0.03499998897  -0.008000001311  0  0  0  0
-0.03499998897  -0.009000001475  0  0  0  0
-0.03599998727  0.009999999776  0  0  0  0
-0.03599998727  0.008999999613  0  0  0  0
-0.03599998727  0.007999999449  0  0  0  0
-0.03599998727  0.006999999285  0  0  0  0
-0.03599998727  0.005999999121  0  0  0  0
-0.03599998727  0.004999998957  0  0  0  0
-0.03599998727  0.003999998793  0  0  0  0
-0.03599998727  0.002999998862  0  0  0  0
-0.03599998727  0.001999998931  0  0  0  0
-0.03599998727  0.0009999988833  0  0  0  0
-0.03599998727  -1.116655768e-09  0  0  0  0
-0.03599998727  -0.001000001095  0  0  0  0
-0.03599998727  -0.002000001026  0  0  0  0
-0.03599998727  -0.003000000957  0  0  0  0
-0.03599998727  -0.004000001121  0  0  0  0
-0.03599998727  -0.005000001285  0  0  0  0
-0.03599998727  -0.006000001449  0  0  0  0
-0.03599998727  -0.007000001613  0  0  0  0
-0.03599998727  -0.008000001311  0  0  0  0
-0.03599998727  -0.009000001475  0  0  0  0
-0.03699998558  0.009999999776  0  0  0  0
-0.03699998558  0.008999999613  0  0  0  0
-0.03699998558  0.007999999449  0  0  0  0
-0.03699998558  0.006999999285  0  0  0  0
-0.03699998558  0.005999999121  0  0  0  0
-0.03699998558  0.004999998957  0  0  0  0
-0.03699998558  0.003999998793  0  0  0  0
-0.03699998558  0.002999998862  0  0  0  0
-0.03699998558  0.001999998931  0  0  0  0
-0.03699998558  0.0009999988833  0  0  0  0
-0.03699998558  -1.116655768e-09  0  0  0  0
-0.03699998558  -0.001000001095  0  0  0  0
-0.03699998558  -0.002000001026  0  0  0  0
-0.03699998558  -0.003000000957  0  0  0  0
-0.03699998558  -0.004000001121  0  0  0  0
-0.03699998558  -0.005000001285  0  0  0  0
-0.03699998558  -0.006000001449  0  0  0  0
-0.03699998558  -0.007000001613  0  0  0  0
-0.03699998558  -0.008000001311  0  0  0  0
-0.03699998558  -0.009000001475  0  0  0  0
-0.03799998388  0.009999999776  0  0  0  0
-0.03799998388  0.008999999613  0  0  0  0
-0.03799998388  0.007999999449  0  0  0  0
-0.03799998388  0.006999999285  0  0  0  0
-0.03799998388  0.005999999121  0  0  0  0
-0.03799998388  0.004999998957  0  0  0  0
-0.03799998388  0.003999998793  0  0  0  0
-0.03799998388  0.002999998862  0  0  0  0
-0.03799998388  0.001999998931  0  0  0  0
-0.03799998388  0.0009999988833  0  0  0  0
-0.03799998388  -1.116655768e-09  0  0  0  0
-0.03799998388  -0.001000001095  0  0  0  0
-0.03799998388  -0.002000001026  0  0  0  0
-0.03799998388  -0.003000000957  0  0  0  0
-0.03799998388  -0.004000001121  0  0  0  0
-0.03799998388  -0.005000001285  0  0  0  0
-0.03799998388  -0.006000001449  0  0  0  0
-0.03799998388  -0.007000001613  0  0  0  0
-0.03799998388  -0.008000001311  0  0  0  0
-0.03799998388  -0.009000001475  0  0  0  0
-0.03899998218  0.009999999776  0  0  0  0
-0.03899998218  0.008999999613  0  0  0  0
-0.03899998218  0.007999999449  0  0  0  0
-0.03899998218  0.006999999285  0  0  0  0
-0.03899998218  0.005999999121  0  0  0  0
-0.03899998218  0.004999998957  0  0  0  0
-0.03899998218  0.003999998793  0  0  0  0
-0.03899998218  0.002999998862  0  0  0  0
-0.03899998218  0.001999998931  0  0  0  0
-0.03899998218  0.0009999988833  0  0  0  0
-0.03899998218  -1.116655768e-09  0  0  0  0
-0.03899998218  -0.001000001095  0  0  0  0
-0.03899998218  -0.002000001026  0  0  0  0
-0.03899998218  -0.003000000957  0  0  0  0
-0.03899998218  -0.004000001121  0  0  0  0
-0.03899998218  -0.005000001285  0  0  0  0
-0.03899998218  -0.006000001449  0  0  0  0
-0.03899998218  -0.007000001613  0  0  0  0
-0.03899998218  -0.008000001311  0  0  0  0
-0.03899998218  -0.009000001475  0  0  0  0
-0.03999998048  0.009999999776  0  0  0  0
-0.03999998048  0.008999999613  0  0  0  0
-0.03999998048  0.007999999449  0  0  0  0
-0.03999998048  0.006999999285  0  0  0  0
-0.03999998048  0.005999999121  0  0  0  0
-0.03999998048  0.004999998957  0  0  0  0
-0.03999998048  0.003999998793  0  0  0  0
-0.03999998048  0.002999998862  0  0  0  0
-0.03999998048  0.001999998931  0  0  0  0
-0.03999998048  0.0009999988833  0  0  0  0
-0.03999998048  -1.116655768e-09  0  0  0  0
-0.03999998048  -0.001000001095  0  0  0  0
-0.03999998048  -0.002000001026  0  0  0  0
-0.03999998048  -0.003000000957  0  0  0  0
-0.03999998048  -0.004000001121  0  0  0  0
-0.03999998048  -0.005000001285  0  0  0  0
-0.03999998048  -0.006000001449  0  0  0  0
-0.03999998048  -0.007000001613  0  0  0  0
-0.03999998048  -0.008000001311  0  0  0  0
-0.03999998048  -0.009000001475  0  0  0  0
