#Point position
1	0.0462611	0	1	-0.0194158	0	1	0.998031	0	1	0.15708	0	1	-0.0785398	0	1	0.15708	0	
2	0.0426153	0	2	-0.0186831	0	2	0.996643	0	2	0.141372	0	2	-0.0706858	0	2	0.141372	0	
3	0.0391169	0	3	-0.0178387	0	3	0.995704	0	3	0.127235	0	3	-0.0636173	0	3	0.127235	0	
4	0.0358004	0	4	-0.0169163	0	4	0.995107	0	4	0.114511	0	4	-0.0572555	0	4	0.114511	0	
5	0.0326853	0	5	-0.0159455	0	5	0.994771	0	5	0.10306	0	5	-0.05153	0	5	0.10306	0	
6	0.0297808	0	6	-0.0149515	0	6	0.99463	0	6	0.092754	0	6	-0.046377	0	6	0.092754	0	
7	0.0270881	0	7	-0.0139547	0	7	0.994632	0	7	0.0834786	0	7	-0.0417393	0	7	0.0834786	0	
8	0.0246036	0	8	-0.0129715	0	8	0.994739	0	8	0.0751307	0	8	-0.0375654	0	8	0.0751307	0	
9	0.0223198	0	9	-0.0120146	0	9	0.994918	0	9	0.0676176	0	9	-0.0338088	0	9	0.0676176	0	
10	0.0202271	0	10	-0.0110932	0	10	0.995147	0	10	0.0608559	0	10	-0.0304279	0	10	0.0608559	0	
11	0.0183145	0	11	-0.0102139	0	11	0.995407	0	11	0.0547703	0	11	-0.0273851	0	11	0.0547703	0	
12	0.0165701	0	12	-0.00938127	0	12	0.995685	0	12	0.0492933	0	12	-0.0246466	0	12	0.0492933	0	
13	0.0149822	0	13	-0.0085977	0	13	0.99597	0	13	0.0443639	0	13	-0.022182	0	13	0.0443639	0	
14	0.0135388	0	14	-0.00786435	0	14	0.996255	0	14	0.0399275	0	14	-0.0199638	0	14	0.0399275	0	
15	0.0122286	0	15	-0.00718121	0	15	0.996534	0	15	0.0359348	0	15	-0.0179674	0	15	0.0359348	0	
16	0.0110405	0	16	-0.0065474	0	16	0.996804	0	16	0.0323413	0	16	-0.0161707	0	16	0.0323413	0	
17	0.0099642	0	17	-0.00596142	0	17	0.997061	0	17	0.0291072	0	17	-0.0145536	0	17	0.0291072	0	
18	0.00898993	0	18	-0.00542132	0	18	0.997305	0	18	0.0261965	0	18	-0.0130982	0	18	0.0261965	0	
19	0.00810865	0	19	-0.00492482	0	19	0.997534	0	19	0.0235768	0	19	-0.0117884	0	19	0.0235768	0	
20	0.00731196	0	20	-0.00446948	0	20	0.997748	0	20	0.0212191	0	20	-0.0106096	0	20	0.0212191	0	
21	0.00659213	0	21	-0.00405275	0	21	0.997947	0	21	0.0190972	0	21	-0.00954861	0	21	0.0190972	0	
22	0.00594203	0	22	-0.00367204	0	22	0.998131	0	22	0.0171875	0	22	-0.00859375	0	22	0.0171875	0	
23	0.00535515	0	23	-0.00332481	0	23	0.9983	0	23	0.0154687	0	23	-0.00773437	0	23	0.0154687	0	
24	0.00482551	0	24	-0.00300855	0	24	0.998456	0	24	0.0139219	0	24	-0.00696094	0	24	0.0139219	0	
25	0.00434769	0	25	-0.00272088	0	25	0.998599	0	25	0.0125297	0	25	-0.00626484	0	25	0.0125297	0	
26	0.00391672	0	26	-0.00245949	0	26	0.99873	0	26	0.0112767	0	26	-0.00563836	0	26	0.0112767	0	
27	0.00352812	0	27	-0.00222223	0	27	0.99885	0	27	0.010149	0	27	-0.00507452	0	27	0.010149	0	
28	0.00317777	0	28	-0.00200706	0	28	0.998959	0	28	0.00913414	0	28	-0.00456707	0	28	0.00913414	0	
29	0.00286198	0	29	-0.00181207	0	29	0.999058	0	29	0.00822073	0	29	-0.00411036	0	29	0.00822073	0	
30	0.00257739	0	30	-0.00163551	0	30	0.999148	0	30	0.00739865	0	30	-0.00369933	0	30	0.00739865	0	
31	0.00232094	0	31	-0.00147572	0	31	0.99923	0	31	0.00665879	0	31	-0.00332939	0	31	0.00665879	0	
32	0.00208989	0	32	-0.0013312	0	32	0.999305	0	32	0.00599291	0	32	-0.00299645	0	32	0.00599291	0	
33	0.00188175	0	33	-0.00120056	0	33	0.999372	0	33	0.00539362	0	33	-0.00269681	0	33	0.00539362	0	
34	0.00169425	0	34	-0.00108251	0	34	0.999433	0	34	0.00485426	0	34	-0.00242713	0	34	0.00485426	0	
35	0.00152538	0	35	-0.000975888	0	35	0.999489	0	35	0.00436883	0	35	-0.00218442	0	35	0.00436883	0	
36	0.00137328	0	36	-0.000879619	0	36	0.999539	0	36	0.00393195	0	36	-0.00196597	0	36	0.00393195	0	
37	0.00123631	0	37	-0.000792727	0	37	0.999584	0	37	0.00353875	0	37	-0.00176938	0	37	0.00353875	0	
38	0.00111297	0	38	-0.000714322	0	38	0.999625	0	38	0.00318488	0	38	-0.00159244	0	38	0.00318488	0	
39	0.00100191	0	39	-0.000643592	0	39	0.999662	0	39	0.00286639	0	39	-0.00143319	0	39	0.00286639	0	
40	0.000901909	0	40	-0.000579803	0	40	0.999695	0	40	0.00257975	0	40	-0.00128988	0	40	0.00257975	0	
41	0.000811872	0	41	-0.000522284	0	41	0.999725	0	41	0.00232178	0	41	-0.00116089	0	41	0.00232178	0	
42	0.000730809	0	42	-0.000470429	0	42	0.999752	0	42	0.0020896	0	42	-0.0010448	0	42	0.0020896	0	
43	0.000657829	0	43	-0.00042369	0	43	0.999777	0	43	0.00188064	0	43	-0.000940319	0	43	0.00188064	0	
44	0.000592127	0	44	-0.000381566	0	44	0.999799	0	44	0.00169257	0	44	-0.000846287	0	44	0.00169257	0	
45	0.00053298	0	45	-0.000343609	0	45	0.999819	0	45	0.00152332	0	45	-0.000761659	0	45	0.00152332	0	
46	0.000479735	0	46	-0.000309409	0	46	0.999837	0	46	0.00137099	0	46	-0.000685493	0	46	0.00137099	0	
47	0.000431805	0	47	-0.000278599	0	47	0.999853	0	47	0.00123389	0	47	-0.000616943	0	47	0.00123389	0	
48	0.000388659	0	48	-0.000250845	0	48	0.999868	0	48	0.0011105	0	48	-0.000555249	0	48	0.0011105	0	
49	0.000349822	0	49	-0.000225846	0	49	0.999881	0	49	0.000999448	0	49	-0.000499724	0	49	0.000999448	0	
50	0.000314862	0	50	-0.000203331	0	50	0.999893	0	50	0.000899503	0	50	-0.000449752	0	50	0.000899503	0	
51	0.000283395	0	51	-0.000183054	0	51	0.999903	0	51	0.000809553	0	51	-0.000404777	0	51	0.000809553	0	
52	0.00025507	0	52	-0.000164794	0	52	0.999913	0	52	0.000728598	0	52	-0.000364299	0	52	0.000728598	0	
53	0.000229575	0	53	-0.000148352	0	53	0.999922	0	53	0.000655738	0	53	-0.000327869	0	53	0.000655738	0	
54	0.000206628	0	54	-0.000133546	0	54	0.999929	0	54	0.000590164	0	54	-0.000295082	0	54	0.000590164	0	
55	0.000185973	0	55	-0.000120216	0	55	0.999937	0	55	0.000531148	0	55	-0.000265574	0	55	0.000531148	0	
56	0.000167382	0	56	-0.000108214	0	56	0.999943	0	56	0.000478033	0	56	-0.000239017	0	56	0.000478033	0	
57	0.000150649	0	57	-9.74086e-05	0	57	0.999949	0	57	0.00043023	0	57	-0.000215115	0	57	0.00043023	0	
58	0.000135588	0	58	-8.76806e-05	0	58	0.999954	0	58	0.000387207	0	58	-0.000193603	0	58	0.000387207	0	
59	0.000122033	0	59	-7.8923e-05	0	59	0.999958	0	59	0.000348486	0	59	-0.000174243	0	59	0.000348486	0	
60	0.000109832	0	60	-7.10392e-05	0	60	0.999962	0	60	0.000313637	0	60	-0.000156819	0	60	0.000313637	0	
61	9.88513e-05	0	61	-6.39421e-05	0	61	0.999966	0	61	0.000282274	0	61	-0.000141137	0	61	0.000282274	0	
62	8.8968e-05	0	62	-5.75534e-05	0	62	0.99997	0	62	0.000254046	0	62	-0.000127023	0	62	0.000254046	0	
63	8.00727e-05	0	63	-5.18026e-05	0	63	0.999973	0	63	0.000228642	0	63	-0.000114321	0	63	0.000228642	0	
64	7.20666e-05	0	64	-4.6626e-05	0	64	0.999975	0	64	0.000205778	0	64	-0.000102889	0	64	0.000205778	0	
65	6.48609e-05	0	65	-4.19663e-05	0	65	0.999978	0	65	0.0001852	0	65	-9.25999e-05	0	65	0.0001852	0	
66	5.83756e-05	0	66	-3.77721e-05	0	66	0.99998	0	66	0.00016668	0	66	-8.33399e-05	0	66	0.00016668	0	
67	5.25387e-05	0	67	-3.39968e-05	0	67	0.999982	0	67	0.000150012	0	67	-7.50059e-05	0	67	0.000150012	0	
68	4.72853e-05	0	68	-3.05987e-05	0	68	0.999984	0	68	0.000135011	0	68	-6.75053e-05	0	68	0.000135011	0	
69	4.25572e-05	0	69	-2.75401e-05	0	69	0.999985	0	69	0.00012151	0	69	-6.07548e-05	0	69	0.00012151	0	
70	3.83018e-05	0	70	-2.47871e-05	0	70	0.999987	0	70	0.000109359	0	70	-5.46793e-05	0	70	0.000109359	0	
71	3.44719e-05	0	71	-2.23092e-05	0	71	0.999988	0	71	9.84228e-05	0	71	-4.92114e-05	0	71	9.84228e-05	0	
72	3.10249e-05	0	72	-2.0079e-05	0	72	0.999989	0	72	8.85805e-05	0	72	-4.42902e-05	0	72	8.85805e-05	0	
73	2.79226e-05	0	73	-1.80716e-05	0	73	0.99999	0	73	7.97224e-05	0	73	-3.98612e-05	0	73	7.97224e-05	0	
74	2.51305e-05	0	74	-1.62649e-05	0	74	0.999991	0	74	7.17502e-05	0	74	-3.58751e-05	0	74	7.17502e-05	0	
75	2.26176e-05	0	75	-1.46388e-05	0	75	0.999992	0	75	6.45752e-05	0	75	-3.22876e-05	0	75	6.45752e-05	0	
76	2.03559e-05	0	76	-1.31752e-05	0	76	0.999993	0	76	5.81177e-05	0	76	-2.90588e-05	0	76	5.81177e-05	0	
77	1.83204e-05	0	77	-1.18579e-05	0	77	0.999994	0	77	5.23059e-05	0	77	-2.61529e-05	0	77	5.23059e-05	0	
78	1.64884e-05	0	78	-1.06723e-05	0	78	0.999994	0	78	4.70753e-05	0	78	-2.35377e-05	0	78	4.70753e-05	0	
